100000
-19259 -19258
-3391 -3390
10828 10834
-11591 -11574
-694 -688
-6138 -6111
-18770 -18768
-1956 -1948
-13734 -13732
12879 12884
-2837 -2836
-11232 -11231
-12243 -12241
-15393 -15386
10320 10321
5824 5826
1037 1045
14508 14515
16959 16961
-5397 -5396
6875 6877
-15680 -15677
-5832 -5829
2340 2378
-10983 -10980
11363 11364
18158 18159
-6743 -6742
-13680 -13679
19528 19534
-5463 -5462
-7150 -7132
-8270 -8257
-6839 -6832
16545 16555
-19259 -19256
-8806 -8805
12706 12724
13788 13789
-14341 -14335
16959 16961
-18080 -18079
11955 11957
-12321 -12320
9370 9379
-6561 -6555
19509 19515
-9627 -9623
-16454 -16453
-10932 -10926
-14649 -14648
1053 1055
6214 6224
19810 19811
-10835 -10819
19178 19179
-4351 -4350
16519 16561
7258 7260
7981 7990
12022 12023
-3023 -3009
19905 19906
606 607
-6566 -6557
-13473 -13465
2817 2818
4924 4925
12890 12898
13457 13460
-3397 -3391
6011 6033
8103 8107
19367 19390
-15413 -15392
-16521 -16514
10921 10928
-10786 -10785
-3894 -3863
-6748 -6745
9117 9118
18733 18735
15980 15982
3837 3839
16467 16468
12840 12856
15340 15358
-6679 -6656
-15722 -15714
-10300 -10299
-18083 -18081
13176 13179
11949 11956
-12984 -12983
-13382 -13380
6424 6431
-1546 -1524
17690 17694
15387 15396
15466 15488
-18174 -18169
12690 12691
-9653 -9651
-13965 -13922
6207 6225
-13370 -13368
7982 7983
-3024 -3006
13182 13185
24 37
7120 7121
-951 -942
-6543 -6542
-11916 -11915
-7038 -7037
-18609 -18608
1513 1515
10733 10738
17379 17383
-7831 -7821
-10034 -10031
8653 8675
-11837 -11835
-8625 -8613
-14652 -14645
1023 1025
9117 9118
12690 12691
15944 15945
-13811 -13808
5472 5473
-9473 -9471
12704 12709
13785 13789
915 923
-9381 -9380
-2824 -2823
9953 9954
10756 10759
-4160 -4159
-11026 -11025
-14049 -14026
-16249 -16214
19809 19810
-3692 -3690
13439 13440
13078 13080
-5224 -5209
1237 1258
-11912 -11911
-7565 -7547
-19226 -19220
-8699 -8697
-2693 -2692
11719 11725
15388 15396
13920 13923
-18170 -18169
13181 13184
7363 7378
-17603 -17583
-11696 -11690
-19869 -19866
12482 12486
961 975
4072 4079
981 993
-13381 -13380
19891 19892
6568 6571
4937 4941
-4161 -4159
1023 1024
6208 6219
19386 19390
2817 2818
2209 2220
12753 12765
4842 4846
12756 12774
10794 10797
-12241 -12240
-5448 -5446
-13275 -13274
-1967 -1945
13476 13477
-10421 -10420
-3023 -3016
-16565 -16561
4408 4409
2542 2544
13471 13478
16538 16560
19809 19812
10880 10887
-12145 -12142
-14871 -14867
10284 10286
-16868 -16860
2593 2597
-6828 -6827
19811 19812
-7092 -7091
-3968 -3949
-11592 -11561
17540 17542
12877 12898
-17947 -17946
17102 17107
15829 15842
-12109 -12108
3040 3046
-8209 -8208
12756 12769
16960 16961
-6004 -6003
70 80
16960 16961
1096 1107
9117 9118
4937 4939
-9137 -9119
-8209 -8208
-4766 -4712
13996 14014
17103 17105
-18084 -18083
-4881 -4856
-18605 -18604
15266 15286
2214 2229
-14952 -14947
-16872 -16871
-13834 -13831
-3337 -3333
-11232 -11231
1782 1797
-506 -505
-16393 -16381
-15306 -15305
-16242 -16223
15032 15053
-7014 -7013
-16207 -16203
-16421 -16365
-720 -719
10218 10223
4190 4246
-12572 -12569
13730 13732
-3682 -3678
11077 11081
4143 4144
-434 -391
4384 4388
11949 11953
-16474 -16467
-11697 -11690
5432 5436
-17123 -17118
1055 1056
4035 4046
4027 4031
2489 2495
-16414 -16382
-2838 -2837
1782 1786
-3221 -3216
5402 5424
-17190 -17179
-18449 -18430
16629 16631
16960 16962
-18731 -18730
-5300 -5293
-19024 -19012
-3367 -3366
-7813 -7810
-6730 -6719
17260 17275
-2341 -2340
-11234 -11233
4704 4712
-16421 -16416
5967 5976
-6302 -6301
19171 19175
17648 17676
-5464 -5463
4184 4217
10424 10430
1023 1026
-10781 -10780
8746 8748
7213 7214
9953 9956
17741 17772
19531 19534
-6131 -6121
10431 10432
-13425 -13422
7573 7574
-16872 -16867
-16697 -16683
5660 5681
-8624 -8617
-13386 -13384
18685 18686
-11443 -11435
-19875 -19864
1373 1388
-14687 -14681
3836 3839
7120 7121
-8919 -8912
13079 13080
10247 10255
18869 18878
-14154 -14152
-17132 -17131
-850 -846
-7092 -7091
-13786 -13782
13786 13788
-19934 -19926
-16894 -16889
-16529 -16513
-18843 -18832
8650 8657
9953 9956
-5828 -5819
-5842 -5840
-17184 -17171
-1434 -1411
-17342 -17338
-9411 -9392
-5127 -5113
-15715 -15695
17407 17408
16959 16960
-11234 -11231
14861 14866
-10737 -10716
-10492 -10489
-3255 -3252
-9694 -9693
5515 5516
-7342 -7317
-12308 -12284
-13809 -13806
-1967 -1953
-12186 -12185
3824 3833
-7013 -7012
-2825 -2824
-18730 -18729
-11476 -11475
8279 8284
-13971 -13922
16189 16200
-18853 -18852
3837 3839
9501 9521
-8820 -8818
16418 16422
18682 18689
4144 4147
15389 15392
17742 17748
-6948 -6942
-17192 -17177
4028 4033
-6268 -6248
-8066 -8065
-9699 -9697
-649 -648
-5685 -5684
-5222 -5206
6877 6882
12553 12560
5835 5841
-17123 -17122
-5490 -5483
604 606
18654 18655
5927 5928
-17376 -17375
-7772 -7770
16465 16466
-14948 -14944
13176 13177
14559 14584
-6742 -6741
-17564 -17563
-505 -504
18287 18304
-6139 -6118
7119 7122
-3237 -3227
1023 1024
-6063 -6050
-8701 -8700
13883 13884
13352 13376
17262 17266
18953 18958
-11860 -11857
12560 12563
14569 14593
674 678
-15370 -15365
-8038 -8034
13336 13357
-5398 -5397
17541 17544
-15275 -15264
-12382 -12373
12716 12719
4028 4029
-3397 -3393
-6742 -6740
2351 2371
9954 9956
-14678 -14676
13457 13460
-7294 -7283
-12134 -12131
16464 16465
-1705 -1704
19532 19533
-6129 -6123
-13175 -13162
-17077 -17074
3826 3827
19928 19933
-3238 -3233
-1544 -1518
13475 13477
12468 12471
-15742 -15737
19891 19894
5130 5131
12298 12299
-9839 -9832
4705 4709
8380 8381
-1834 -1830
-15036 -15025
15391 15395
-18174 -18168
13283 13304
605 606
6979 6985
-3863 -3862
4704 4708
-7575 -7564
-3143 -3125
3086 3089
-16910 -16908
-15657 -15653
-17081 -17075
-11232 -11231
-10040 -10038
9952 9953
-1099 -1092
12205 12210
-9808 -9786
9711 9712
12752 12759
-9528 -9520
-15794 -15792
-15302 -15301
-14255 -14248
3031 3034
30 36
-8161 -8156
-3818 -3807
-18912 -18908
-1099 -1092
-3368 -3366
-19443 -19439
6091 6136
1922 1930
3837 3838
19379 19404
-1376 -1354
-6139 -6119
-14873 -14870
8431 8444
9447 9450
-15441 -15403
16959 16960
-19259 -19248
-18853 -18852
-5823 -5815
1041 1045
19840 19849
-7139 -7137
11729 11733
4146 4150
-11842 -11836
13334 13342
-8051 -8048
-10500 -10499
-3368 -3367
-1990 -1989
606 608
11723 11730
5839 5840
-2344 -2337
-6573 -6569
2540 2544
678 679
-1741 -1735
3836 3838
-17972 -17953
-479 -477
19333 19334
12175 12176
-719 -717
14868 14872
-16561 -16557
-17988 -17987
11727 11732
1841 1843
3836 3837
-7620 -7608
2492 2493
8508 8524
-12907 -12898
1008 1009
13246 13247
-6836 -6835
13809 13811
2257 2260
-17918 -17888
18307 18315
-5665 -5663
-18589 -18577
17407 17409
1490 1506
-10023 -10016
-2057 -2049
10725 10736
8550 8554
-19508 -19507
9151 9152
-5744 -5740
-13831 -13828
6275 6280
-2546 -2536
605 606
-6005 -6004
-1828 -1826
-9068 -9067
-7041 -7038
-9756 -9744
-5529 -5523
-9809 -9801
-6089 -6086
5592 5595
-18376 -18372
18560 18585
-1732 -1731
-3583 -3582
8733 8734
-11683 -11673
-10089 -10088
1665 1667
12478 12479
19 35
-14972 -14955
-15470 -15469
-3674 -3673
3551 3553
-14815 -14813
19929 19933
-15369 -15365
-8880 -8875
-1706 -1704
-10514 -10510
12782 12789
-8280 -8270
-13370 -13367
-1087 -1082
-1819 -1814
-19444 -19441
-94 -91
6561 6569
11971 11985
1419 1431
-3395 -3390
-10643 -10619
-18591 -18572
-6230 -6219
5642 5644
-3132 -3128
9996 10000
-7655 -7654
18285 18288
-3683 -3679
3031 3039
-14938 -14937
-19487 -19482
15042 15057
13178 13181
-6726 -6720
9154 9155
4781 4786
-13320 -13309
11040 11048
18553 18561
17348 17349
-3558 -3552
-10772 -10769
14021 14026
13902 13906
-5690 -5685
15 30
6186 6196
-13833 -13828
-3139 -3124
-15421 -15403
13004 13005
7723 7753
-17130 -17126
9737 9751
10789 10790
15438 15450
-11917 -11916
-3576 -3570
-17988 -17987
-9655 -9651
-847 -846
-13391 -13384
9512 9515
-17117 -17116
-6302 -6301
-6896 -6880
-11234 -11233
-9537 -9534
-16949 -16927
-13314 -13289
-5666 -5665
-15865 -15864
19926 19927
13078 13080
-19497 -19494
7283 7288
19531 19534
15277 15279
3292 3293
-15365 -15364
9703 9707
-9474 -9471
10818 10821
5197 5198
-17134 -17131
7249 7267
-4346 -4345
19069 19079
-9653 -9652
3837 3839
10547 10556
1403 1427
9706 9708
-3228 -3216
-3571 -3570
-6681 -6679
-13305 -13304
-8806 -8805
5407 5410
17163 17165
19905 19906
5892 5897
9994 10000
3091 3092
-5463 -5462
-3313 -3306
1006 1010
13177 13185
-14053 -14047
6208 6227
-15168 -1
