62
87 20 59408 30231 31511 40115 53082 82214 17258
56 20 3803 43308 98281 13481 48467 16453 29070
38 20 24062 23506 24059 87773 32393 41812 80840
80 20 29683 72296 83575 99080 79394 51851 69344
4 20 90736 26307 58426 85885 17450 35581 35643
82 20 82185 11351 11943 7538 24265 33175 20289
80 20 39072 75786 30387 97145 54399 47033 64164
82 20 91541 21379 93462 35102 91384 3168 16804
4 20 40132 68128 77445 35828 99629 86095 93237
5 20 77621 1399 30886 60857 8367 81832 24891
41 20 64454 42512 90975 57053 1881 66711 12979
44 20 74871 19818 75763 35068 30911 55361 77564
36 20 90067 55717 66242 22060 41555 39196 71908
70 20 26760 70146 30599 22891 81013 28113 571
31 20 25653 75460 69475 73956 46211 45270 39374
8 20 88063 16023 69801 16658 34121 26540 38823
11 20 56733 75279 66104 20213 1047 45034 38470
91 20 17318 26904 4202 7467 24330 53085 82079
44 20 21004 78690 80457 56094 54836 92868 83421
34 20 102 46989 88277 57356 16227 34586 6903
58 20 35801 20425 5507 2233 78355 86463 6054
59 20 40469 2497 25610 47052 39783 4805 83846
18 20 32981 20211 86143 45550 28445 514 45662
43 20 80559 39962 58155 41309 21802 76681 63297
21 20 84881 14100 75959 53708 70789 78062 42967
65 20 43839 4765 17805 229 33423 76749 58903
65 20 35578 88718 83384 55958 88459 65467 16182
13 20 56193 48989 63444 90334 96982 55106 63366
15 20 57596 76366 79357 39100 86789 61504 43133
53 20 50424 16926 62306 29904 86975 1332 50472
13 20 44337 54382 29653 19511 29466 84967 75214
24 20 6568 17414 81913 50113 1762 85665 14793
84 20 69264 76432 52446 38462 25496 23594 70336
98 20 84345 52303 91764 19885 400 56482 993
99 20 98436 66299 4730 26321 42513 69610 6280
94 20 35191 57183 31342 17230 92966 9049 10660
28 20 80151 98635 59953 26196 11234 69389 83057
82 20 13942 71371 52831 56642 47117 34942 9777
84 20 62048 6015 8132 69927 15017 45911 29384
79 20 1740 74443 89412 78941 3903 76614 20926
8 20 62853 30713 79013 28654 96726 92411 96522
76 20 11647 42781 99081 91499 65163 62966 75736
20 20 46018 93506 34228 99646 24225 17992 57434
3 20 3509 84179 72224 46750 44421 85869 55937
43 20 85548 98223 29731 86391 56412 9503 26043
65 20 54803 26439 56833 1432 25165 85143 89319
48 20 45671 25905 75966 55016 65168 90696 33949
74 20 15672 36212 47010 87140 91412 63617 8768
30 20 27066 97712 38362 4179 58811 54474 65199
53 20 98709 38282 87157 34821 62426 92653 75079
9 20 75981 94968 3847 17314 70841 13771 42991
24 20 30089 42023 92546 17718 97800 28943 62228
8 20 11867 37695 50641 22908 42578 69698 15086
5 20 10142 15428 13173 10313 88015 72776 2870
61 20 61987 22066 5446 49632 60155 48194 21341
81 20 57706 27752 26707 57939 41971 21818 47571
44 20 8253 40058 78571 85103 6367 40068 61265
87 20 63271 20896 38721 92861 70021 58717 86018
72 20 53437 23785 45730 94251 82081 30515 57258
44 20 10263 55174 14102 75543 63742 10026 63681
35 20 31735 34471 16110 61482 79805 78992 80318
58 20 23681 30379 63273 9575 82564 69428 68356
