40 8
45 83 89 64 57 48 82 82 87 4 86 95 90 68 8 22 99 83 2 41 20 51 79 27 83 48 58 50 72 27 10 11 56 26 11 61 13 16 54 84
30 56 94 52 24 55 78 38 71 81 69 71 69 64 29 53 86 92 59 49 59 73 13 30 13 73 53 12 93 30 49 73 1 42 45 25 40 38 100 73
68 94 33 42 55 41 79 50 30 99 64 14 72 87 82 29 85 63 7 99 76 7 61 32 47 8 64 43 74 72 77 7 16 33 39 96 97 92 62 7
98 1 16 38 48 73 83 47 56 84 94 73 16 51 94 19 71 39 38 75 81 71 12 29 18 43 14 41 80 22 34 55 77 39 82 86 87 12 78 27
28 22 20 21 30 56 3 4 64 59 29 14 32 65 93 55 65 77 19 61 97 81 47 58 93 16 68 98 24 45 10 80 100 60 26 38 55 93 59 60
34 93 83 17 55 30 55 83 96 2 5 1 3 7 63 58 94 72 99 40 19 37 81 64 15 48 36 47 70 7 42 45 46 98 23 76 68 93 69 89
40 25 25 97 37 10 91 23 17 63 45 28 88 65 38 14 91 75 72 53 19 92 44 43 6 7 66 2 95 53 2 9 25 62 67 31 95 30 71 42
83 21 63 48 69 13 56 12 70 30 98 84 76 92 98 57 37 19 42 98 37 41 45 28 52 93 84 63 51 95 46 4 38 59 3 2 62 53 31 36
50 46 49 80 17 18 55 55 47 21 13 69 12 33 4 31 15 57 73 75 46 95 40 55 88 69 42 97 39 17 13 86 12 96 72 64 41 69 1 7
89 21 18 93 86 30 15 23 31 16 75 99 2 76 91 100 64 98 45 96 69 97 65 36 48 81 20 33 88 58 6 66 19 10 13 82 51 42 55 52
99 61 38 57 58 39 52 3 38 26 22 22 85 90 33 54 65 39 47 12 45 20 62 30 21 78 14 80 80 5 53 81 59 44 60 70 3 19 44 3
62 87 56 68 24 78 19 80 74 13 86 72 71 96 72 89 29 63 23 22 3 100 95 42 64 85 13 53 95 5 67 6 17 97 97 49 100 22 61 8
8 1 82 25 50 93 22 24 47 71 46 64 58 35 48 43 71 82 7 64 51 5 1 24 72 65 69 82 84 4 89 77 67 58 74 62 24 82 57 88
8 76 78 22 85 97 40 51 52 75 40 81 94 17 25 67 28 31 30 51 78 8 27 54 2 85 51 52 58 56 46 67 57 9 7 53 71 42 67 48
94 20 20 16 14 27 54 70 44 92 45 76 4 55 14 94 95 20 85 2 32 17 59 78 71 93 23 54 18 80 38 49 83 5 28 89 65 40 12 2
20 55 59 42 8 48 31 77 49 79 21 77 59 56 70 47 89 31 56 9 67 13 46 91 7 81 39 62 12 30 20 10 64 24 64 39 51 68 82 47
14 88 49 89 73 35 6 11 32 57 70 23 36 92 87 6 15 85 28 1 81 65 24 48 23 19 56 73 33 33 84 43 74 100 84 7 43 38 24 85
100 20 28 11 33 65 4 69 78 80 48 56 60 41 69 63 35 65 75 51 26 69 70 22 3 6 6 25 87 94 90 97 46 37 81 38 67 80 12 100
80 97 33 85 56 46 32 93 52 56 91 32 27 35 74 21 51 76 28 76 37 15 16 59 19 2 96 12 53 67 86 82 42 47 19 39 8 33 36 16
73 97 66 21 14 27 41 52 94 80 83 40 7 41 36 87 9 45 92 53 94 22 77 33 26 97 26 98 7 6 62 25 67 73 64 20 68 54 100 27
80 13 26 59 89 20 43 77 70 45 27 32 16 81 65 66 15 11 18 46 41 14 66 78 71 61 97 64 45 26 79 71 26 6 37 66 44 98 67 41
87 46 31 96 27 20 97 6 16 82 27 71 78 49 35 75 79 36 9 82 64 58 20 65 83 39 41 37 26 16 29 45 9 7 25 41 44 1 43 32
23 98 23 65 91 40 80 5 67 47 41 48 37 50 74 95 30 22 46 49 36 73 70 28 87 34 89 23 21 53 69 77 93 76 29 63 93 3 67 68
68 45 77 7 28 37 17 36 20 77 62 25 77 85 34 98 77 8 85 45 75 34 20 80 9 79 71 49 80 57 48 39 2 18 97 92 74 32 80 28
75 4 27 20 8 23 80 100 16 23 85 11 25 100 6 68 53 30 78 21 49 89 67 70 93 96 14 27 87 32 5 28 16 88 84 36 56 72 78 76
34 63 60 91 50 70 3 48 82 64 68 50 48 32 58 84 87 64 59 19 3 36 38 83 70 47 22 37 14 61 71 91 4 22 37 32 14 86 11 31
46 77 94 72 71 83 71 62 68 26 60 3 22 29 30 64 38 44 37 15 6 60 71 71 80 85 36 88 42 87 22 56 39 62 80 70 85 23 9 12
32 23 83 73 70 31 3 20 4 55 17 28 91 48 28 73 33 40 77 60 45 38 31 60 69 83 97 62 36 21 43 97 62 44 56 5 66 57 87 54
55 47 4 65 54 54 47 80 22 65 82 44 69 91 77 79 74 85 90 44 15 25 26 48 15 21 21 53 84 25 69 25 74 67 44 96 94 28 46 9
98 99 24 52 64 54 4 70 66 58 40 51 48 35 69 61 50 24 46 59 92 5 58 54 1 4 1 61 49 32 63 40 58 4 57 52 100 89 83 78
1 34 62 79 73 32 64 29 27 34 37 67 63 35 22 45 1 28 11 38 18 24 85 22 26 30 81 71 19 32 90 80 39 65 36 48 46 71 50 17
7 69 33 2 10 70 69 68 58 33 3 81 10 35 39 62 19 17 98 99 92 74 40 36 79 26 98 64 40 13 92 58 3 17 82 19 73 100 34 39
94 33 71 95 79 70 29 100 50 28 91 34 96 27 4 49 1 82 48 32 50 3 36 39 4 45 55 67 51 80 36 87 41 5 74 47 56 46 9 34
52 55 73 13 32 90 90 27 38 88 37 100 20 70 92 32 75 22 22 2 98 81 2 95 55 44 87 4 87 31 56 90 36 22 47 88 36 83 3 52
2 35 49 2 32 75 35 66 24 73 64 34 14 8 53 84 67 80 35 77 22 41 49 3 38 27 5 39 85 49 98 75 84 55 49 51 92 63 66 64
82 4 92 34 86 82 20 99 69 70 58 4 83 27 84 39 45 8 2 91 75 63 44 17 72 31 19 63 41 78 12 7 97 14 20 55 7 63 52 77
29 100 73 12 27 14 87 73 36 95 87 75 17 4 23 33 26 56 8 45 43 94 56 100 88 42 53 64 42 93 69 95 79 85 38 45 6 38 65 91
55 68 95 45 37 100 71 59 82 52 61 16 21 24 46 73 5 38 42 80 10 79 75 67 6 36 70 56 62 54 29 12 18 11 91 49 43 99 20 27
83 67 1 68 96 87 62 24 69 69 95 63 43 19 81 85 99 53 99 23 74 54 31 12 39 95 47 91 29 58 70 17 13 14 57 18 72 94 29 50
47 54 17 35 6 18 2 1 19 68 28 5 65 8 98 27 32 52 63 31 20 86 68 73 54 67 17 98 23 30 33 81 14 10 94 31 65 37 78 25


13 23
20 23 35 50 24 96 79 63 32 19 48 25 54
7 80 88 35 56 69 40 2 4 70 68 28 25
42 86 5 9 57 66 65 100 80 52 97 88 100
72 41 48 37 61 65 84 22 64 59 7 1 46
95 82 81 98 99 37 52 99 18 52 27 6 92
47 58 74 12 56 25 70 44 6 39 8 90 63
85 2 37 85 90 28 36 28 30 56 9 82 85
8 6 49 8 52 42 33 10 25 98 80 74 18
59 21 77 14 24 90 80 34 78 20 10 29 23
100 23 95 39 53 31 19 73 30 36 32 55 41
89 11 92 83 15 34 53 50 77 52 79 15 41
84 65 26 63 41 13 24 1 20 20 89 40 31
28 94 31 19 17 51 60 69 19 67 33 25 88


59 52
59 63 96 15 93 20 98 63 15 8 93 67 58 39 54 42 77 16 97 59 64 1 44 70 56 81 39 51 19 83 23 77 60 31 44 61 28 42 24 14 62 62 15 73 25 55 58 78 74 52 33 96 86 67 8 57 21 5 44
59 91 18 28 27 25 89 95 76 4 87 71 61 55 74 92 61 25 4 66 55 51 70 26 42 43 45 44 11 53 84 13 17 74 12 91 82 44 23 68 21 39 5 39 16 80 8 49 61 100 88 76 46 18 58 10 95 100 34
44 36 4 88 32 67 35 19 43 67 53 43 79 82 32 49 23 52 70 76 12 46 83 78 62 58 22 61 39 86 68 32 56 84 40 23 55 48 7 23 20 100 28 6 16 59 78 73 54 65 89 32 85 55 74 1 100 55 76
44 69 85 82 11 47 88 13 65 98 5 24 89 78 71 1 73 61 7 57 93 11 74 67 62 4 36 57 9 82 10 17 46 49 50 15 7 45 12 62 15 12 46 92 57 42 31 2 10 10 79 45 2 63 82 98 23 90 96
59 5 97 28 43 27 13 34 56 38 49 32 80 20 78 3 36 55 78 37 42 87 98 47 37 59 62 51 4 43 77 92 88 71 65 30 1 54 79 60 20 69 89 13 84 71 48 4 15 16 70 49 6 41 10 87 80 86 43
83 98 82 81 88 84 62 78 60 55 75 28 7 80 20 19 40 8 50 60 94 86 80 49 49 38 9 22 24 86 63 29 90 58 33 90 7 25 69 40 54 5 39 6 64 29 77 52 74 58 11 43 92 75 33 18 23 50 49
20 20 68 11 68 3 34 80 46 33 6 74 50 17 31 8 98 80 95 60 49 93 32 92 49 97 39 63 78 62 35 28 18 91 41 61 45 21 73 80 75 94 92 99 61 43 66 82 72 45 94 70 21 38 28 40 61 23 72
80 84 8 61 74 21 40 39 19 86 54 97 52 83 8 71 24 15 6 66 93 23 94 37 73 36 54 15 85 55 87 56 21 49 6 84 45 61 2 3 82 4 46 74 28 57 75 41 33 32 90 5 3 22 42 17 4 58 86
60 59 89 71 90 79 3 7 89 82 85 53 34 48 55 39 3 80 95 1 88 8 73 13 2 92 19 15 89 62 90 99 81 84 82 44 77 38 42 6 10 5 63 42 100 100 10 1 89 20 6 6 34 10 4 97 27 5 48
20 29 74 69 32 89 12 69 62 17 17 34 71 98 80 73 13 13 82 5 7 40 43 58 44 65 54 20 14 34 66 14 89 12 54 32 82 41 61 4 59 64 86 56 32 32 75 38 38 78 72 24 81 30 30 55 38 44 42
81 54 94 10 52 97 99 36 35 88 83 73 89 4 74 100 55 82 70 96 88 73 16 79 58 59 28 60 88 65 23 1 62 5 39 48 49 23 68 95 11 51 45 38 49 45 5 93 71 80 46 70 96 81 47 49 78 68 16
47 49 1 79 88 53 5 54 23 6 58 99 54 90 5 82 98 24 51 48 1 96 43 1 37 79 35 45 35 21 7 53 21 79 11 2 50 30 64 46 98 59 38 75 20 82 98 96 95 87 44 67 36 70 4 53 40 38 37
58 95 50 37 10 46 32 34 4 52 45 90 89 62 97 46 68 62 4 69 83 63 93 68 3 26 22 82 81 87 45 96 24 99 10 4 36 11 35 99 71 80 18 87 37 55 89 45 2 74 89 8 13 67 61 41 75 53 86
1 84 96 87 17 62 77 51 71 79 56 41 36 88 88 70 57 91 81 93 2 1 82 69 90 90 90 4 77 20 49 54 20 12 2 28 23 75 46 72 2 43 75 87 18 38 86 74 74 66 92 38 41 22 54 49 24 99 43
59 65 54 10 25 33 45 90 62 44 43 6 36 86 27 33 77 53 12 77 69 7 38 76 27 28 53 100 27 76 99 33 97 18 32 95 37 24 79 87 47 51 67 40 56 90 65 11 14 13 75 84 57 68 31 65 16 88 74
74 70 2 62 57 5 79 19 70 60 94 23 68 61 67 35 99 19 75 43 29 34 15 38 57 63 12 41 19 55 49 18 49 16 2 62 40 98 66 86 5 41 33 94 89 34 12 89 28 16 96 9 27 70 47 36 95 22 73
23 87 27 39 44 44 65 2 6 38 88 70 30 35 87 13 84 26 97 39 8 40 87 20 36 93 61 44 26 9 1 49 64 20 88 45 14 1 3 3 95 94 23 10 54 84 94 33 10 90 90 72 32 61 29 88 11 12 40
6 64 84 94 79 97 86 69 66 29 63 91 55 3 66 18 59 87 49 2 14 30 25 83 51 65 16 22 66 55 25 13 14 47 4 40 86 26 84 72 92 100 56 34 60 15 15 55 1 90 46 17 83 40 67 65 17 10 95
50 68 46 33 65 95 56 2 30 50 35 86 95 91 85 77 26 56 94 48 94 43 92 65 43 81 35 59 9 68 50 21 71 92 84 26 16 91 45 74 56 43 65 15 74 69 18 72 59 34 75 49 35 10 47 94 61 95 60
62 72 95 31 21 47 98 89 65 100 27 11 90 23 48 83 70 63 26 34 59 10 34 8 28 10 56 87 37 63 36 79 60 77 31 89 69 33 95 25 65 71 80 17 23 85 36 35 71 33 62 26 74 83 13 61 95 30 59
12 95 63 28 23 34 25 24 10 67 29 61 78 72 86 92 88 6 26 43 77 98 6 86 11 14 85 16 14 22 79 38 3 23 86 1 66 20 64 69 2 74 98 18 64 60 26 78 84 48 47 40 2 80 43 96 28 8 52
80 74 80 77 9 19 21 24 36 65 47 1 43 21 75 41 8 94 18 84 92 34 28 63 73 69 4 73 54 14 90 94 58 45 2 21 31 67 5 96 77 35 8 44 19 86 80 94 78 23 57 58 32 65 72 8 88 4 27
9 89 72 2 14 1 77 78 16 86 47 45 13 54 98 23 72 76 35 12 24 11 67 87 16 42 9 86 9 49 82 23 59 85 29 42 85 55 15 7 25 71 54 9 30 44 63 17 43 34 50 70 96 55 11 11 54 1 67
32 47 7 21 54 7 91 63 72 82 26 12 62 77 10 100 6 18 85 66 90 31 15 4 3 59 86 61 46 81 53 74 21 64 69 51 41 19 20 55 81 94 74 16 77 15 4 66 8 43 84 98 2 32 37 5 73 63 46
25 82 45 85 12 44 22 45 100 2 23 71 12 69 62 59 54 25 55 61 40 73 80 99 69 74 47 76 8 86 30 92 21 17 16 24 41 20 4 54 94 32 3 3 21 82 48 69 86 62 28 59 37 25 85 8 50 99 74
73 55 85 20 43 39 79 41 2 77 92 33 96 7 42 32 87 18 100 76 72 52 84 1 74 72 75 46 52 44 19 33 54 30 47 13 6 7 82 40 73 32 7 31 98 91 59 32 27 64 98 31 17 62 37 73 46 25 37
10 95 38 58 36 77 15 55 23 52 13 99 20 57 32 23 86 66 22 28 95 17 54 42 61 13 86 84 91 11 83 84 72 36 80 7 42 74 82 35 82 23 30 49 63 85 96 43 77 64 5 58 2 47 10 41 29 39 38
30 8 43 10 65 14 58 86 8 60 50 63 99 47 47 91 89 94 83 25 24 65 71 62 38 24 48 28 4 42 73 86 25 1 60 57 70 71 78 58 48 74 71 68 51 61 77 63 42 6 7 17 45 56 58 78 69 61 94
39 91 12 73 70 74 22 59 78 94 83 73 36 71 28 62 46 60 78 60 8 8 65 74 60 65 7 58 73 76 1 16 62 27 24 63 27 68 81 3 74 70 100 29 79 50 43 21 44 7 85 56 19 11 56 62 8 72 81
86 98 56 20 28 14 55 26 1 49 19 24 93 77 61 97 82 4 16 100 68 84 48 90 3 83 63 15 21 2 25 29 61 45 46 62 16 71 11 77 33 97 76 69 56 33 43 88 42 43 33 6 86 59 6 19 2 66 85
10 49 9 4 38 51 16 46 13 58 91 93 36 1 7 72 4 25 68 56 21 13 21 13 56 80 68 33 60 45 23 88 41 73 80 84 62 71 19 77 94 35 4 82 26 7 63 63 86 78 98 17 37 9 41 81 91 48 20
96 13 72 51 8 45 40 7 47 58 6 96 78 36 54 74 5 87 62 98 77 88 52 38 57 53 18 8 21 48 60 29 13 91 16 41 10 66 81 27 90 52 43 44 26 82 27 86 97 54 83 38 91 31 34 55 22 14 12
59 32 82 58 28 52 32 32 85 89 17 14 2 6 56 25 26 89 77 45 65 66 77 8 11 16 8 32 34 6 9 68 20 71 11 97 52 18 93 86 49 52 53 78 88 9 53 12 1 36 17 32 35 76 92 47 92 46 59
93 74 92 84 12 37 22 57 35 11 11 61 57 55 24 89 28 57 10 1 61 69 67 29 77 3 49 79 34 92 98 39 43 69 60 59 64 92 4 35 72 71 97 49 94 21 96 42 83 97 82 24 9 63 20 42 97 8 4
99 4 67 72 69 37 93 3 87 87 91 50 88 47 29 47 14 23 90 37 45 58 62 93 27 65 78 48 96 63 47 51 68 50 37 87 59 42 27 11 67 18 67 39 7 62 89 28 71 62 10 19 14 98 63 57 30 43 96
48 49 46 91 71 34 85 48 62 11 22 70 79 18 83 99 17 62 71 96 96 43 66 18 91 7 81 33 6 64 51 37 35 21 52 30 7 16 25 55 66 4 46 4 99 86 11 57 53 94 43 24 21 49 69 63 19 19 49
92 95 72 77 17 81 57 88 23 100 27 39 71 95 73 12 63 72 28 5 95 35 5 69 74 98 92 68 36 73 44 67 47 21 45 22 10 82 36 54 15 78 79 11 58 82 20 88 15 19 29 50 21 66 7 96 91 50 100
73 16 71 90 6 35 31 97 19 49 97 45 22 12 72 50 14 78 12 7 26 29 30 3 72 92 90 98 4 87 21 82 70 24 26 7 87 14 83 97 66 70 96 29 90 43 64 33 31 67 87 34 72 71 44 32 11 34 29
83 19 59 74 55 73 26 44 46 84 8 55 47 64 13 58 47 54 15 4 9 3 97 49 58 43 30 59 91 25 50 7 42 56 99 12 66 94 98 39 44 58 63 59 31 93 85 21 3 7 73 69 96 22 67 57 71 6 80
82 53 73 97 34 17 19 46 1 26 82 49 88 48 36 19 7 34 74 65 18 8 11 7 52 23 29 35 56 56 93 94 5 54 57 81 23 70 72 50 64 39 90 86 14 48 74 34 25 44 88 57 23 10 5 1 92 64 23
85 28 43 28 41 5 9 14 99 40 81 80 67 42 54 94 45 86 15 10 10 6 6 64 58 2 69 32 91 85 81 6 3 16 59 39 47 8 47 75 98 62 5 54 7 34 48 24 46 16 35 23 67 30 50 92 53 5 11
18 28 79 59 81 88 73 15 8 5 30 26 67 44 63 54 32 95 90 8 32 58 63 36 11 14 29 6 61 61 92 18 50 35 93 50 91 47 80 54 44 27 65 5 46 94 10 31 67 76 71 77 81 48 82 100 38 5 95
9 73 15 7 82 97 86 99 7 41 1 45 13 48 3 6 83 32 20 79 21 73 36 95 34 96 85 43 7 81 38 63 70 80 49 13 83 70 42 27 64 84 17 69 9 47 36 83 64 81 63 27 62 86 40 82 73 56 99
33 87 62 10 66 56 11 67 77 10 1 1 37 64 32 35 60 57 57 48 43 69 20 95 91 1 27 97 92 68 92 61 19 27 13 68 86 54 43 35 38 25 30 16 82 54 90 77 42 100 86 57 57 31 64 73 44 42 76
7 97 87 81 91 10 63 9 17 27 98 57 13 40 34 96 100 68 95 44 90 10 31 79 97 84 8 62 66 3 5 79 84 33 32 57 73 37 65 30 39 45 5 14 73 29 62 79 75 94 26 30 9 66 78 71 14 65 44
98 87 19 11 66 3 69 24 96 54 12 25 78 45 1 24 90 95 84 63 11 3 55 88 32 46 26 52 82 7 66 63 43 22 48 90 15 29 70 62 58 82 91 71 40 58 6 67 61 70 39 56 71 77 11 98 51 85 26
19 53 62 28 57 88 51 33 55 19 78 97 92 80 74 57 20 94 14 99 27 85 18 10 47 1 7 92 34 53 76 26 80 47 89 38 81 65 16 39 62 83 100 65 82 23 67 49 69 43 83 36 52 20 71 50 17 77 15
68 55 7 12 31 2 25 11 9 50 11 93 66 1 9 26 35 9 33 81 47 61 94 18 63 19 11 54 26 63 44 56 21 38 89 50 48 35 55 6 30 92 9 21 53 86 36 79 28 15 35 1 32 13 30 24 1 2 3
92 77 58 64 53 29 14 82 42 99 96 58 68 83 88 44 81 76 16 29 2 76 40 28 86 43 40 21 41 40 65 58 92 47 84 52 97 73 63 4 59 12 34 56 65 9 51 84 21 47 76 1 20 31 100 42 11 46 60
43 51 97 30 82 54 56 86 97 36 77 69 70 9 59 95 87 2 87 19 98 78 19 71 16 37 99 27 23 61 16 92 1 70 47 40 33 62 24 12 33 41 23 10 47 80 16 39 37 52 7 7 46 74 16 33 25 9 45
3 31 32 91 72 3 58 26 60 75 60 82 26 13 66 69 15 37 83 19 20 73 100 7 53 14 96 88 12 27 16 100 88 67 35 81 17 74 28 40 71 43 55 91 89 12 79 9 29 99 15 47 28 66 45 81 67 3 39
10 9 100 29 79 56 77 29 87 53 16 81 54 49 39 81 82 57 35 13 71 61 71 73 4 30 54 64 76 49 98 3 7 15 36 21 64 26 83 13 40 41 13 13 93 57 2 6 28 60 70 70 38 59 36 48 4 72 73
84 69 58 61 99 8 12 35 11 29 94 100 29 17 29 44 78 66 18 28 4 51 82 24 48 16 99 62 61 11 63 75 78 73 55 39 72 63 95 61 33 24 77 88 12 5 2 6 54 39 86 64 32 62 37 59 87 6 52
94 70 30 81 60 10 47 78 34 60 66 36 89 6 78 17 23 37 89 29 8 29 44 20 33 25 28 84 8 100 68 54 64 81 78 27 6 43 70 57 63 38 61 7 14 23 69 61 57 16 74 68 57 14 26 64 63 3 53
8 83 31 52 57 46 31 79 57 21 92 52 34 56 58 76 78 37 35 33 28 46 77 74 45 20 79 14 32 90 27 20 32 11 36 40 34 91 45 88 46 27 5 52 44 83 25 48 90 21 91 20 21 89 100 45 81 51 88
5 17 91 57 96 58 12 60 23 30 40 33 81 25 3 38 65 1 76 44 3 43 99 59 19 86 53 45 83 26 3 52 35 28 17 19 48 43 73 38 14 34 40 46 13 96 20 69 77 46 24 66 85 61 83 49 35 37 35
16 76 53 36 31 34 31 83 50 57 45 91 15 50 53 56 9 52 56 49 83 37 12 60 59 77 33 1 13 100 93 40 4 10 92 19 84 31 80 69 4 10 25 82 47 21 47 13 72 59 26 62 26 40 7 62 8 73 78
98 77 51 22 76 19 40 100 60 2 90 62 46 14 83 41 50 28 39 47 70 76 84 21 56 67 67 15 30 78 83 93 69 90 9 23 63 99 2 86 71 85 21 35 96 55 58 100 77 53 9 51 71 59 12 80 83 91 6
83 11 10 54 73 72 95 42 59 53 42 61 53 25 36 17 85 7 92 100 57 45 81 5 100 64 14 9 83 69 85 7 79 57 5 8 51 76 100 9 86 31 85 13 88 75 94 28 83 65 57 3 84 76 70 75 56 24 14


96 34
20 56 56 82 81 78 15 4 83 38 32 90 18 70 100 56 40 52 26 86 61 89 26 23 96 24 99 70 6 59 26 74 72 98 46 78 16 98 66 58 71 55 97 98 86 61 76 77 72 80 83 26 26 60 22 36 21 54 99 30 47 16 58 15 21 8 43 61 52 98 42 31 63 41 52 62 49 66 49 3 73 97 83 25 1 88 1 29 23 78 34 44 43 81 56 34
95 74 79 47 37 7 19 94 40 87 81 66 16 27 97 48 75 38 33 78 46 44 27 1 2 74 38 19 32 52 57 9 19 40 3 33 49 57 40 98 96 15 37 54 19 53 76 48 53 19 86 19 3 53 9 53 89 41 69 22 16 27 65 81 85 28 25 16 65 66 3 37 29 88 34 9 85 8 1 43 21 51 85 47 63 68 70 53 13 10 16 41 74 100 85 99
79 25 7 2 29 25 11 11 89 95 3 78 9 75 66 96 64 23 81 12 22 40 9 40 32 3 56 74 90 27 7 55 50 70 95 77 94 98 12 39 79 14 65 51 9 10 81 42 66 47 40 82 78 18 21 72 67 83 23 39 34 42 80 61 49 27 29 47 37 19 77 24 99 95 5 50 75 37 52 13 23 71 31 2 25 7 94 70 55 9 90 26 31 9 70 44
99 39 53 48 15 88 33 73 58 34 14 53 39 78 40 100 34 98 5 48 57 10 66 28 55 96 84 100 75 42 58 66 70 65 31 18 53 13 13 10 26 69 90 24 24 58 44 55 82 28 2 7 36 85 21 12 25 67 33 11 7 98 95 3 7 12 37 19 2 92 94 23 82 96 58 9 5 61 41 85 59 50 94 7 28 19 48 42 1 86 81 54 94 6 10 54
20 34 94 9 41 45 5 25 23 7 47 94 47 28 60 85 51 82 77 86 29 59 63 54 2 94 20 4 94 51 31 71 17 32 19 84 89 31 2 44 28 30 85 6 31 7 14 14 99 62 70 97 75 98 69 30 23 69 45 76 39 72 45 85 52 72 45 38 27 56 20 19 96 41 52 61 23 54 77 40 87 10 8 89 30 79 61 31 3 24 99 13 82 92 100 38
81 3 3 37 39 75 91 51 3 95 75 28 23 8 18 84 95 84 90 26 58 93 76 15 4 63 9 95 5 5 32 23 26 60 74 62 62 84 93 82 90 88 40 34 42 66 66 71 5 3 8 15 91 97 10 83 3 9 85 98 21 76 51 72 62 72 17 91 8 53 77 26 75 10 10 28 100 88 39 1 81 51 47 69 34 59 34 68 12 4 28 55 62 62 29 14
25 26 83 41 22 46 43 17 71 98 61 15 39 73 91 27 92 50 87 14 18 44 46 14 15 90 33 98 51 18 11 90 11 55 60 30 62 6 29 60 20 84 3 24 76 66 30 23 67 24 61 64 93 83 41 81 75 86 78 91 72 19 73 17 97 9 19 34 10 55 57 85 98 90 80 88 100 99 6 76 65 22 35 52 26 63 24 27 51 91 87 71 7 87 60 74
70 33 55 53 55 88 93 11 84 68 79 20 70 16 25 77 58 69 48 53 64 68 73 29 89 82 63 88 68 75 27 16 31 9 55 15 70 53 81 34 30 70 70 82 1 91 97 86 30 91 39 60 18 35 32 25 75 62 43 34 39 92 35 62 23 33 88 97 62 59 96 34 72 27 87 23 50 20 81 49 8 3 91 47 89 97 98 11 39 18 25 34 33 18 26 55
77 90 88 16 70 35 5 76 89 27 43 19 87 21 58 94 52 76 54 34 45 91 92 34 76 99 81 13 91 31 18 1 19 42 68 9 31 83 100 94 66 54 5 42 5 59 55 64 51 89 39 55 58 16 67 43 60 70 66 3 71 67 76 30 39 64 41 17 48 3 64 49 66 2 46 5 33 59 40 77 34 1 59 13 33 77 50 99 100 90 38 95 6 64 71 17
43 83 31 90 61 74 26 82 11 83 19 56 16 96 18 14 1 38 63 77 76 27 42 74 43 93 97 71 73 96 18 63 49 8 26 66 99 51 22 90 50 63 60 25 95 76 16 72 52 48 92 22 30 42 77 23 98 38 51 13 92 28 94 72 41 40 29 81 77 95 75 97 33 25 66 7 30 98 18 33 19 4 100 61 78 80 31 73 80 75 57 62 41 23 12 1
87 19 9 36 72 95 10 19 48 35 98 10 31 59 70 73 42 65 86 52 7 58 52 25 5 58 52 82 3 95 59 22 24 38 32 86 53 23 2 6 92 75 34 3 61 93 6 11 94 98 83 64 85 43 19 91 30 33 3 78 81 57 27 93 2 51 56 86 86 90 22 51 29 90 80 55 67 86 94 61 23 19 57 40 91 21 46 81 7 11 26 54 17 60 55 51
53 6 56 21 50 9 30 59 76 2 73 89 78 8 11 93 96 56 58 71 93 64 23 94 40 68 15 27 48 65 50 45 15 35 53 22 64 52 28 36 68 86 37 30 3 47 3 65 83 24 74 97 85 48 80 53 36 87 62 96 39 83 3 17 97 32 13 51 80 7 60 61 97 60 85 39 35 33 2 83 16 54 70 82 29 44 88 62 51 3 22 19 26 54 39 11
14 10 67 54 21 27 97 78 38 89 61 25 45 12 45 84 40 16 29 96 56 11 52 53 26 23 66 38 97 63 13 83 15 42 70 25 44 36 76 37 99 63 52 60 37 15 53 28 89 87 62 32 76 31 40 10 83 98 65 70 67 92 54 56 24 47 22 71 84 22 81 91 28 37 41 11 94 7 79 76 72 99 54 40 91 51 65 11 61 20 65 87 31 87 10 60
85 37 67 54 3 39 34 92 32 47 58 48 27 27 29 100 80 37 68 41 10 22 93 60 27 91 68 34 96 71 13 51 51 67 36 10 49 49 53 75 64 51 91 4 71 53 46 5 41 58 80 8 61 62 20 86 12 69 17 93 81 67 43 86 11 64 78 51 57 24 2 68 69 54 12 66 9 84 75 71 92 55 48 78 71 59 42 21 92 98 26 86 63 25 80 29
88 10 18 29 16 59 56 78 19 43 35 45 58 30 45 15 15 94 100 2 67 33 19 44 6 69 39 41 48 24 62 4 42 48 39 77 83 31 31 29 19 8 20 2 83 8 9 72 33 70 73 1 89 24 21 11 1 80 30 33 88 23 48 97 61 30 87 28 77 83 41 15 47 12 92 4 79 90 8 43 38 93 61 83 44 88 56 84 3 82 96 83 65 47 47 88
54 63 44 54 96 50 77 85 87 32 14 31 65 30 72 62 31 49 7 30 3 78 61 38 5 86 2 67 93 48 7 70 42 54 30 73 33 15 95 59 27 36 100 6 91 2 4 70 52 39 77 18 71 76 100 50 93 9 27 11 10 91 98 55 13 96 91 93 20 14 43 47 96 30 95 98 53 6 95 21 18 49 1 23 62 3 92 85 41 67 3 32 47 91 71 61
10 69 16 48 51 31 18 62 8 78 81 46 52 25 41 3 24 80 6 50 71 70 57 34 71 30 36 52 41 85 63 5 24 35 94 5 76 83 64 95 29 11 24 21 78 51 78 21 87 43 12 46 96 59 59 9 56 74 76 78 77 32 60 100 98 59 7 28 36 28 38 5 45 48 87 78 29 96 100 25 64 75 79 72 21 66 60 36 53 83 91 72 13 84 13 69
54 94 81 88 3 97 77 32 27 82 56 84 81 88 40 48 22 97 81 90 51 81 28 26 52 67 35 34 6 61 30 89 42 32 10 29 62 46 42 20 42 3 60 89 95 10 28 38 23 89 18 80 78 78 60 11 4 92 42 95 58 41 65 67 66 23 21 70 73 87 59 37 26 23 69 98 8 25 40 74 97 2 9 86 11 48 74 34 19 24 37 93 90 25 60 43
31 31 22 63 41 83 62 40 99 58 90 10 97 52 37 50 31 50 7 65 44 18 3 32 61 32 16 41 61 85 34 90 23 6 49 79 49 22 69 35 27 59 8 75 75 15 47 97 88 67 87 51 10 77 80 5 91 81 33 69 24 5 13 61 17 80 26 30 92 61 61 93 79 80 62 25 59 59 21 58 69 59 89 88 45 62 77 62 24 76 12 57 55 52 63 1
19 68 100 46 28 75 33 51 47 66 42 87 15 67 73 89 59 12 62 9 75 81 43 30 16 88 89 17 34 48 45 61 61 82 52 74 5 51 45 9 10 63 11 32 92 16 85 74 83 39 78 32 54 75 83 76 40 5 57 28 53 53 74 45 38 100 55 48 38 86 13 85 34 32 77 27 87 65 13 27 12 12 7 53 68 71 73 96 41 34 86 65 9 95 60 72
77 32 59 56 12 15 48 73 45 49 97 87 36 90 4 38 33 14 49 36 78 27 60 99 71 92 31 89 12 84 67 100 61 47 53 53 92 70 81 26 73 24 50 29 79 28 58 19 57 93 80 67 68 3 46 82 27 26 56 2 35 51 87 50 48 26 49 4 29 70 52 2 96 26 78 38 67 4 61 97 100 45 97 11 25 36 55 53 90 49 87 31 99 17 86 16
19 17 36 93 40 8 94 8 61 38 59 98 19 61 48 14 60 90 36 9 30 70 52 36 41 29 15 40 72 21 54 34 29 62 44 96 66 89 4 89 43 60 96 59 55 6 86 33 96 17 2 90 20 35 64 88 74 73 20 68 8 55 67 98 48 64 54 15 73 46 76 4 27 24 21 83 87 56 38 64 34 63 43 7 83 40 95 81 11 99 53 86 58 4 88 67
2 84 93 21 28 96 67 19 15 55 87 43 98 36 96 76 43 17 21 84 63 63 90 60 91 92 17 20 94 7 36 34 48 9 61 82 66 17 17 90 9 75 7 59 49 75 63 17 36 24 96 83 19 22 21 74 69 75 82 35 6 95 72 77 59 42 76 72 42 27 71 32 100 59 74 65 66 64 32 78 15 71 27 16 42 96 3 93 70 93 29 81 53 70 55 66
94 65 19 59 80 78 62 91 13 8 16 86 80 32 15 15 18 37 48 58 31 72 49 87 65 85 59 44 12 18 46 41 72 54 19 91 64 28 66 44 82 85 35 57 61 86 28 64 9 74 89 16 47 42 88 23 29 61 80 82 48 64 43 10 26 10 31 97 54 3 10 96 66 94 69 31 81 9 5 69 64 23 81 42 25 66 50 57 52 89 77 55 70 56 62 5
1 29 95 34 87 95 9 61 78 54 60 58 20 76 54 87 3 55 41 1 25 87 53 86 86 13 30 73 92 64 25 85 40 61 55 73 47 30 2 69 26 6 16 27 27 72 5 34 84 6 42 35 93 45 44 86 49 86 92 24 83 19 34 8 33 18 88 8 58 77 92 20 17 27 20 23 48 21 34 4 42 50 49 63 99 55 14 55 66 76 85 32 22 57 27 34
66 94 15 24 10 95 91 21 64 1 48 87 30 6 45 25 25 3 86 6 99 96 98 7 20 13 56 43 76 29 16 25 29 80 3 1 92 34 17 37 85 3 76 24 27 30 77 38 9 63 87 69 48 58 23 65 84 28 68 24 71 75 74 30 1 90 91 62 74 68 3 50 87 42 72 40 10 57 36 92 87 34 66 12 58 57 67 36 83 28 29 73 4 98 56 35
56 97 80 86 51 91 69 76 79 26 37 93 81 46 93 65 96 86 66 82 74 59 94 79 79 26 38 73 71 12 94 57 41 89 66 57 37 76 16 9 25 49 36 33 27 25 82 60 46 87 13 15 51 25 57 82 7 16 18 76 53 14 15 33 80 6 72 54 32 51 89 97 68 68 53 53 35 10 75 30 73 9 5 54 80 18 64 33 19 77 24 97 80 13 77 27
34 47 36 56 92 65 96 7 58 9 46 22 47 30 9 74 69 53 28 68 57 8 72 1 56 41 49 25 100 86 29 32 58 52 55 79 73 40 68 89 50 80 69 72 76 97 79 67 96 31 32 18 40 82 89 52 59 16 47 36 54 70 64 49 23 78 21 81 96 99 4 55 43 12 1 97 95 100 67 70 2 38 3 95 98 58 3 13 99 68 90 20 88 73 17 14
61 75 99 63 3 62 6 13 11 74 40 3 43 38 96 37 61 12 98 98 51 67 14 63 27 5 31 46 52 2 18 37 34 18 65 82 60 54 46 28 21 37 77 38 85 24 50 39 59 28 87 52 87 23 20 86 26 67 27 77 32 87 84 1 14 78 11 28 76 83 10 92 64 88 23 43 75 71 59 93 50 54 22 49 61 65 4 13 64 1 30 48 7 82 3 48
30 8 91 73 5 95 45 56 100 10 2 76 71 21 36 86 38 62 38 68 44 57 35 99 47 92 77 39 5 79 68 48 37 78 95 17 92 18 53 11 51 74 15 65 22 89 48 98 89 16 44 66 57 94 68 2 87 96 36 99 13 22 51 57 39 19 13 38 97 46 9 35 36 75 44 16 18 13 14 39 76 34 56 60 53 14 2 87 19 45 80 15 67 89 29 51
88 23 20 69 65 21 49 94 53 10 15 51 69 18 42 97 82 91 40 3 31 94 68 34 17 77 75 10 66 16 22 19 40 30 94 29 36 8 77 3 57 71 14 49 68 85 82 3 28 68 27 93 8 60 97 39 14 59 37 69 27 22 76 68 69 84 49 88 10 18 18 2 33 76 100 81 69 41 70 34 74 85 2 4 93 64 55 15 66 83 88 53 75 98 32 56
90 14 46 50 48 61 91 66 12 11 66 29 13 33 60 77 25 17 54 19 11 18 4 90 36 62 93 85 84 70 22 32 21 46 62 30 12 13 31 84 34 74 85 84 73 3 55 31 56 48 64 97 59 57 7 13 41 47 67 33 22 62 10 26 30 60 99 85 85 26 68 75 57 1 9 53 99 23 23 32 19 40 9 55 16 43 34 77 77 86 10 92 80 93 16 56
65 68 100 71 35 53 57 30 17 75 43 80 55 42 98 94 53 24 27 77 36 57 51 44 94 98 19 97 5 59 73 2 99 14 75 43 4 32 84 70 52 97 84 87 81 97 66 72 25 74 21 35 10 63 98 49 97 6 80 5 6 23 1 19 13 1 72 45 81 40 87 23 85 22 27 93 25 49 95 45 64 21 82 72 85 71 77 63 88 92 42 94 6 37 93 64
78 61 16 24 99 73 27 60 47 74 74 25 84 23 23 2 58 62 17 24 39 19 20 9 22 10 74 10 44 1 59 36 31 6 34 62 24 51 76 33 46 68 45 82 83 94 98 21 59 2 18 81 56 85 77 65 60 62 17 32 10 70 8 47 41 70 61 100 52 91 88 68 83 19 71 53 54 43 34 92 13 14 57 73 2 29 1 96 41 27 29 35 11 81 63 49
7 92 95 6 3 12 96 86 47 79 47 24 59 5 38 61 93 82 39 64 13 34 12 1 66 54 40 96 29 68 90 62 75 43 70 67 99 72 70 75 71 25 60 14 48 78 94 42 26 54 80 90 85 42 44 94 88 9 61 81 59 71 61 33 11 96 52 47 88 4 73 25 29 69 58 31 22 5 57 10 35 32 4 98 34 53 100 93 22 84 98 9 34 96 70 16
19 73 73 3 57 22 62 25 30 65 43 66 39 57 75 66 41 2 71 62 43 30 19 52 59 33 37 56 13 90 75 43 5 56 39 53 34 36 25 21 82 25 48 24 78 59 38 75 14 2 55 59 15 3 50 70 74 35 71 51 95 53 15 72 65 35 92 64 76 37 2 20 3 33 1 54 16 97 90 47 71 78 10 30 19 20 14 59 83 83 89 3 21 97 86 45
76 18 32 77 37 77 13 54 20 34 46 30 26 63 35 65 13 93 95 56 35 96 67 5 85 24 73 15 29 27 70 76 98 22 2 76 25 45 2 29 52 11 44 86 79 2 26 85 38 52 80 82 17 83 23 19 28 18 61 88 59 77 34 89 55 54 46 30 95 79 29 56 28 3 48 82 24 17 80 4 34 58 87 1 67 19 41 73 31 3 72 80 37 17 22 13
49 17 29 97 73 98 54 69 33 93 87 40 90 91 62 3 1 84 90 51 40 26 97 63 78 83 77 51 54 68 10 85 90 37 23 38 86 3 49 42 84 81 79 40 12 36 62 42 67 86 51 67 44 20 8 93 2 36 45 17 34 41 90 25 95 23 58 75 47 11 45 68 70 48 99 94 20 56 56 69 85 83 35 8 54 68 26 62 78 17 82 89 70 44 97 56
68 50 51 45 66 8 48 62 95 89 84 82 7 55 41 77 80 51 100 19 95 15 49 1 76 28 56 63 87 78 97 41 24 7 14 86 70 61 28 51 45 3 20 24 77 59 15 20 55 32 94 66 62 73 6 1 50 44 69 54 73 91 71 60 33 87 27 74 73 73 12 40 100 45 94 1 66 55 89 6 62 24 5 45 97 4 32 1 42 56 65 68 86 29 97 21
98 60 2 28 55 65 42 72 99 3 66 26 51 48 83 19 29 93 66 37 56 14 7 75 76 60 8 36 76 35 90 62 70 69 40 75 87 53 99 74 75 45 24 88 42 70 29 41 60 14 20 39 38 99 52 58 41 15 69 54 28 15 37 40 99 92 45 48 50 69 69 69 17 98 100 12 55 99 8 3 92 55 83 62 7 69 77 36 92 20 59 48 70 35 95 12
90 97 55 79 72 97 62 44 77 15 96 10 78 26 68 22 84 84 11 38 99 72 56 26 79 19 63 13 78 34 58 82 51 61 85 82 86 54 97 20 61 46 78 28 86 83 89 76 89 38 23 34 50 82 8 16 27 26 51 77 63 60 91 67 14 76 19 44 24 10 84 87 75 61 32 83 44 12 41 74 9 100 15 99 80 40 31 96 36 46 18 35 22 65 34 11
43 63 22 66 53 11 23 78 86 56 92 57 63 24 64 79 6 79 44 65 86 1 44 79 62 17 59 32 1 35 27 77 38 19 72 75 59 35 100 100 56 28 94 98 55 79 18 80 5 34 21 51 11 52 80 55 66 41 28 43 47 92 94 10 73 78 77 41 67 43 99 44 13 7 79 34 80 97 39 55 49 18 17 45 37 86 65 88 55 94 44 75 88 90 83 14
67 62 36 63 30 10 100 82 15 93 50 76 22 28 88 96 78 8 15 53 64 97 87 94 57 38 19 93 65 76 10 49 84 3 30 31 91 95 39 39 15 52 13 66 80 90 71 21 86 9 29 44 64 32 93 62 1 52 43 40 53 71 93 90 98 22 73 40 68 24 76 60 65 37 3 92 58 97 67 47 39 65 49 18 11 68 79 77 27 17 24 28 61 51 86 20
23 31 69 81 4 87 56 78 39 61 34 45 11 8 78 67 81 55 77 41 67 14 95 72 52 3 77 6 21 100 30 23 65 29 45 55 1 43 79 35 26 100 59 47 85 14 38 45 64 27 49 47 19 9 50 21 68 29 96 5 81 100 70 94 72 17 11 96 3 9 46 79 39 18 69 65 39 61 15 66 68 59 61 36 24 76 41 11 85 95 93 11 52 9 37 36
63 17 3 49 62 85 32 55 9 86 71 97 47 97 58 99 44 79 85 39 73 55 12 18 94 60 80 6 90 33 96 91 37 44 88 56 36 14 87 30 47 99 33 56 54 35 91 40 81 79 61 84 11 86 43 42 18 31 97 89 2 22 19 30 10 5 83 16 76 22 24 92 52 33 64 21 49 12 13 36 27 100 46 15 43 52 73 34 71 1 74 78 55 3 86 84
8 41 87 28 98 70 40 48 76 35 31 78 10 68 52 44 72 13 94 32 46 70 97 59 99 9 80 84 86 92 93 59 79 60 32 49 35 47 7 65 58 35 25 85 80 42 30 35 3 14 14 2 38 94 8 23 56 35 4 77 84 16 27 56 57 65 62 79 25 78 24 78 87 40 22 65 43 9 35 87 99 90 56 51 28 98 24 14 12 69 64 86 31 52 49 5
67 45 6 13 12 78 28 73 54 18 49 64 46 93 61 75 30 20 73 28 54 77 69 57 2 12 10 66 80 21 52 52 63 48 83 23 84 78 74 36 31 44 94 48 19 63 46 39 59 83 97 58 70 10 7 25 12 30 15 27 28 42 42 41 43 17 35 37 34 63 4 71 52 53 88 59 26 98 13 62 17 67 18 29 82 63 27 75 93 97 96 36 81 3 42 87
40 18 20 3 32 68 33 74 36 77 95 43 36 34 58 78 24 34 41 65 24 86 35 58 49 67 87 31 2 67 68 60 52 54 72 39 59 63 56 27 59 61 28 81 58 95 63 68 2 87 9 30 100 5 13 54 83 30 53 74 87 48 95 24 33 87 47 47 78 37 50 5 86 63 52 65 55 46 71 55 90 64 31 38 89 69 32 63 5 47 7 32 27 70 87 28
80 4 38 51 28 76 73 80 49 94 2 99 40 39 87 1 45 12 63 59 1 54 39 47 82 17 62 23 43 36 6 84 20 10 27 50 33 14 33 27 57 68 95 63 46 32 32 89 31 16 68 10 55 41 16 41 5 66 73 52 97 63 4 53 3 13 97 23 38 1 41 91 27 78 21 89 77 65 72 87 90 23 96 69 85 11 7 62 40 12 66 48 85 49 70 39
28 18 43 7 36 13 50 80 57 83 91 39 79 56 99 24 73 43 58 6 51 77 72 50 19 33 82 30 30 75 36 77 28 77 17 36 12 81 59 64 96 97 15 31 91 57 6 18 4 11 66 10 22 63 94 62 95 95 58 47 10 52 84 47 55 10 57 3 82 85 46 69 53 77 90 64 62 18 19 65 95 82 65 62 80 94 32 40 39 38 10 34 48 37 34 73
35 23 88 85 46 61 85 71 45 40 87 27 18 45 76 56 7 85 25 95 51 94 95 22 95 36 86 14 96 10 19 7 12 64 54 7 79 50 24 51 2 91 71 38 32 38 6 18 91 6 90 78 94 49 84 54 41 96 18 44 34 96 77 33 45 30 84 15 36 69 42 64 79 39 8 96 26 84 48 22 95 71 7 14 66 54 53 70 29 36 36 43 24 6 80 79
70 19 70 25 22 34 86 55 67 95 96 13 38 81 83 45 68 10 72 68 87 33 38 30 41 18 5 83 79 67 32 59 48 21 14 48 20 87 64 59 55 48 50 73 88 40 35 45 78 94 84 38 92 97 41 85 63 5 9 68 57 6 89 13 62 73 34 69 89 41 50 26 24 23 23 69 72 53 1 90 86 73 75 45 64 66 97 72 95 75 67 39 30 93 100 3
27 86 50 60 77 12 80 33 71 8 66 52 81 90 30 16 44 98 55 87 86 61 2 31 15 77 66 32 55 55 83 43 3 76 57 32 74 49 35 65 45 25 45 33 63 64 16 48 56 99 1 43 64 92 91 99 50 67 2 69 11 3 64 62 100 3 50 66 99 66 79 65 22 59 72 47 68 48 42 13 96 18 91 38 13 47 93 23 74 87 85 73 49 98 92 25
75 79 32 36 34 46 33 57 64 78 71 42 71 63 13 24 25 55 39 26 86 76 67 59 19 9 18 12 11 10 42 9 11 82 23 64 62 83 78 23 56 99 57 41 6 97 71 48 68 68 6 61 20 8 14 74 100 59 53 24 54 38 53 37 24 27 9 84 85 24 93 1 8 51 58 38 18 69 52 73 43 92 93 17 37 23 50 57 95 28 79 3 80 78 77 24
95 41 4 27 51 82 51 36 36 15 21 94 15 22 76 2 20 71 34 29 82 7 39 7 40 6 42 65 60 2 89 18 72 25 5 35 47 22 24 72 10 90 89 20 28 40 88 61 10 60 27 16 73 23 78 55 100 44 57 91 79 22 56 33 37 33 89 37 93 62 29 27 51 24 60 49 83 35 36 72 2 67 34 33 14 7 70 29 31 44 97 63 18 44 5 49
7 93 84 40 73 55 30 7 28 84 24 92 81 34 7 56 23 44 43 74 12 4 33 37 92 37 4 75 11 64 91 9 73 82 71 29 20 99 9 64 38 3 53 97 47 23 71 5 66 36 68 49 43 8 98 4 51 97 95 77 100 1 40 79 5 24 12 32 41 49 22 20 73 69 33 51 86 83 13 15 75 1 93 96 40 79 11 64 29 68 7 39 32 79 29 95
35 68 56 59 67 60 89 52 55 60 40 4 94 75 54 81 100 54 92 53 5 39 92 8 2 1 48 55 16 30 96 57 41 99 47 69 80 15 7 37 88 55 11 92 61 50 3 75 71 86 86 86 16 15 34 60 76 49 62 31 87 1 6 89 49 93 11 44 23 27 32 87 46 22 67 40 5 49 22 63 44 29 92 70 96 91 2 72 31 15 6 95 84 33 91 77
49 65 80 66 62 94 60 25 81 13 89 100 65 45 14 97 91 96 37 16 44 55 68 56 80 90 54 69 12 99 10 83 67 82 99 53 23 2 16 1 70 76 7 75 20 73 68 48 24 36 25 52 20 39 28 17 54 40 96 68 59 68 36 4 78 46 2 63 82 74 84 44 3 83 35 20 7 27 100 78 58 52 49 77 42 63 72 86 71 45 11 32 59 38 53 35
93 57 52 7 44 58 10 54 80 56 48 58 83 91 91 56 42 53 16 29 69 24 96 96 35 36 19 27 55 68 48 18 90 73 2 34 58 32 69 31 60 45 86 13 98 5 33 4 90 35 84 20 5 47 81 88 11 49 87 66 8 59 82 27 14 19 95 18 52 100 96 31 80 65 62 90 33 53 79 46 22 55 60 85 85 41 82 85 83 85 32 13 99 93 6 14
48 66 72 92 87 12 66 13 61 83 91 15 28 92 83 74 100 28 52 6 73 48 45 96 56 91 37 40 75 51 99 29 2 74 30 86 62 44 73 38 82 53 25 73 35 22 15 72 59 94 49 42 37 57 74 9 59 55 33 60 59 45 39 8 36 78 18 82 33 14 1 30 55 2 43 26 62 96 36 80 36 64 92 78 9 26 90 98 32 81 94 23 23 42 33 40
48 33 62 52 32 57 57 61 67 8 29 12 22 87 81 74 97 30 57 81 1 93 35 27 84 52 35 59 51 14 65 56 16 82 63 23 46 93 11 69 52 25 38 77 35 84 86 59 2 5 52 86 70 58 41 28 34 93 65 56 7 55 39 85 44 97 20 35 92 51 3 79 64 6 59 86 33 85 78 66 56 52 62 29 43 41 35 62 33 80 40 35 59 47 31 97
3 19 1 61 6 2 95 20 47 14 26 25 73 15 58 81 61 97 45 11 88 94 15 96 71 38 6 15 71 57 12 71 86 30 47 42 12 16 42 64 64 32 77 51 88 63 97 32 4 61 66 75 20 7 7 20 7 11 69 70 53 68 16 90 26 33 18 61 9 80 59 17 46 54 60 38 41 3 94 52 73 53 86 19 6 100 89 60 3 39 77 27 81 91 20 6
8 17 11 87 98 24 27 33 8 25 67 84 9 48 73 71 75 66 69 100 82 92 10 28 19 81 90 8 44 77 38 8 21 78 69 30 27 60 77 55 30 3 41 79 24 36 99 66 37 51 32 68 57 56 91 62 80 80 94 82 92 32 33 88 3 82 51 35 33 51 73 61 80 3 75 93 40 67 59 12 11 10 82 72 14 38 59 33 2 31 74 78 55 86 86 64
81 51 86 67 40 27 23 72 58 71 8 46 13 25 66 96 62 55 21 44 7 92 70 99 11 30 33 66 99 98 79 83 98 33 52 28 63 90 55 34 55 26 37 20 15 59 76 12 60 97 28 51 55 11 99 48 17 20 89 47 76 25 36 71 8 97 42 94 76 98 47 86 85 1 28 27 78 92 89 61 15 63 7 36 6 25 98 83 30 49 84 37 30 24 89 53
100 31 41 66 83 8 35 72 77 36 54 86 43 13 94 37 15 97 66 54 94 22 28 13 78 12 22 18 51 5 44 71 71 45 43 31 39 35 79 64 39 14 52 58 17 96 58 15 79 84 10 38 52 68 74 38 80 13 55 20 48 30 42 98 27 51 57 47 21 15 45 49 67 55 88 81 23 77 95 90 29 99 50 21 35 48 59 11 86 80 45 64 94 55 93 39
50 11 49 22 89 82 29 39 87 39 30 8 76 8 96 61 78 77 49 13 16 89 87 73 71 64 40 45 76 84 31 27 20 73 81 46 82 11 91 28 44 55 42 84 38 89 46 79 20 68 22 56 60 34 33 76 58 73 31 47 9 40 66 23 38 97 9 71 73 96 21 34 60 50 36 75 4 18 56 12 84 44 45 20 61 74 49 81 13 93 54 91 93 84 100 59
61 90 88 56 56 16 33 85 31 12 22 12 75 95 46 58 24 18 19 62 63 22 93 76 9 58 70 12 94 84 78 32 65 58 9 28 34 39 35 11 77 74 42 5 64 4 90 66 4 81 99 2 42 56 33 67 44 50 2 73 9 21 89 81 18 62 15 53 75 69 4 9 82 94 73 11 7 73 17 15 38 92 4 92 10 79 36 37 22 1 83 44 55 16 34 82
79 48 73 93 12 77 67 75 23 1 100 59 54 76 58 94 42 8 46 81 12 85 95 7 43 40 29 94 86 88 65 98 78 86 99 65 44 96 41 84 39 57 36 21 26 3 88 58 83 52 70 64 12 60 55 48 22 67 84 100 12 10 30 52 50 72 81 44 8 18 91 98 50 88 91 62 82 5 37 25 67 46 63 47 80 24 44 39 68 59 33 21 45 94 8 78
70 3 88 86 62 5 5 89 76 84 33 60 40 28 59 39 89 38 37 13 42 78 79 60 44 40 31 23 24 2 98 13 49 79 49 13 21 71 36 98 80 97 61 31 12 2 15 21 33 98 23 30 21 53 39 60 8 89 100 21 18 91 46 41 1 35 79 94 85 28 88 89 68 47 66 28 7 2 90 32 22 83 69 96 4 30 11 21 97 53 29 76 51 70 1 61
5 60 22 52 89 99 75 95 69 23 12 30 72 67 100 7 43 9 97 2 99 20 9 28 84 35 76 9 13 51 94 28 94 42 77 76 88 1 61 12 25 84 70 15 56 11 16 37 78 17 93 10 7 7 95 78 96 4 3 47 28 3 31 11 27 90 7 29 4 63 51 91 31 55 100 20 94 98 29 80 91 38 40 64 61 79 48 22 40 78 41 11 23 19 70 19
87 8 11 1 5 47 36 15 66 90 53 3 39 89 38 29 29 65 20 78 8 63 64 14 80 58 58 11 40 1 33 62 29 94 65 63 57 98 14 62 79 71 36 22 38 60 79 25 57 27 42 34 68 55 58 13 68 51 28 37 16 45 20 71 34 31 95 25 49 88 7 37 51 77 47 74 40 28 39 49 99 4 24 74 17 4 85 84 2 91 66 30 17 20 71 96
25 75 56 45 97 78 30 86 53 2 19 29 21 8 56 49 100 53 36 75 52 10 21 3 57 97 33 12 58 62 88 17 53 6 96 95 22 59 81 3 19 36 28 66 87 12 78 4 19 67 89 19 87 99 57 78 39 8 60 96 86 78 79 17 33 13 97 17 42 63 67 23 58 64 1 37 55 32 94 69 70 98 69 40 72 32 37 51 40 57 66 86 50 74 13 11
52 19 84 67 13 88 40 37 78 74 61 96 8 49 3 99 66 10 75 72 61 95 60 29 76 5 57 70 10 82 10 21 21 38 1 7 76 16 50 51 84 13 50 11 4 20 42 8 64 39 34 25 3 36 8 11 71 43 9 81 59 88 58 86 34 18 68 66 96 61 27 3 82 49 73 46 82 58 47 75 13 31 41 87 100 67 43 29 12 42 49 29 8 33 11 45
82 86 43 39 77 57 55 100 62 55 87 59 20 50 2 100 35 97 61 21 42 29 48 81 37 48 73 63 56 21 20 13 64 86 2 61 59 28 63 72 99 49 31 90 13 46 63 25 34 72 54 79 11 37 97 92 71 68 25 66 11 31 78 46 73 43 6 37 65 56 88 13 97 9 79 61 54 97 68 97 40 44 66 25 52 77 90 8 63 97 84 62 23 87 41 24
50 65 73 1 70 65 67 97 87 21 59 61 99 34 91 66 45 17 99 17 77 32 62 5 100 81 33 22 89 8 3 40 41 6 48 63 40 6 40 98 28 2 44 97 75 10 96 92 28 3 26 24 44 100 4 4 49 38 79 24 26 14 65 33 55 89 41 90 96 40 56 20 14 27 48 8 64 74 84 72 69 91 77 50 98 53 73 16 22 57 10 50 35 52 27 17
32 70 63 60 91 55 76 48 85 9 15 51 88 3 54 18 97 43 46 61 100 69 46 28 18 22 52 37 41 18 14 94 98 28 75 56 73 51 95 6 32 52 79 3 89 92 96 8 11 19 14 58 3 40 15 28 65 13 85 67 40 95 24 6 75 41 30 10 11 80 45 66 19 57 28 70 19 67 43 4 56 57 57 49 23 21 97 37 26 75 87 96 26 90 97 19
41 8 93 58 10 72 79 26 38 71 91 94 89 80 49 16 28 58 40 68 39 82 34 40 78 30 97 35 55 66 59 93 55 25 90 54 78 38 53 45 89 42 15 49 59 70 18 12 58 54 27 99 16 47 26 5 97 48 59 1 75 7 7 43 66 19 21 79 61 32 72 80 30 66 38 51 58 49 33 58 41 29 41 37 25 98 31 55 97 50 84 70 29 63 3 44
13 95 10 1 70 2 30 46 77 42 90 14 64 20 72 22 60 15 69 55 24 37 29 93 53 30 25 15 79 14 47 79 19 19 42 26 38 98 41 33 39 94 2 75 70 20 89 95 20 3 64 49 74 99 63 36 58 70 39 94 100 41 63 32 33 16 3 40 42 6 68 28 27 10 69 65 2 75 91 76 82 35 92 65 92 100 60 23 15 28 46 8 95 19 63 35
72 41 56 81 80 14 4 38 46 78 68 41 63 45 44 89 89 69 97 18 16 92 97 85 84 74 96 68 54 80 52 56 54 34 91 47 19 17 91 81 10 75 43 17 44 77 98 12 25 35 16 52 46 60 80 90 3 19 24 61 79 55 43 94 47 76 92 93 11 9 93 31 64 30 93 23 75 41 4 96 13 77 73 33 72 86 65 18 64 42 75 51 27 60 13 3
21 30 72 45 35 78 51 24 99 95 38 22 82 4 17 55 93 99 74 25 70 2 70 28 65 27 2 14 27 82 17 50 46 63 50 51 80 89 20 14 24 48 71 48 17 79 44 94 5 28 46 39 11 85 19 71 25 14 48 41 61 20 92 29 29 3 69 23 58 89 39 48 62 4 44 65 23 10 52 45 99 81 11 45 64 29 21 72 20 79 68 76 86 27 1 36
69 74 60 26 32 33 78 27 16 46 96 89 91 61 21 99 61 30 41 25 89 50 57 30 66 16 5 62 76 48 12 31 54 96 89 29 82 72 33 45 15 89 22 42 93 94 47 94 32 65 78 96 97 23 94 73 4 41 41 60 90 96 29 61 100 22 22 44 71 54 98 91 35 75 67 69 78 46 41 43 18 28 74 98 10 69 21 42 24 1 40 33 76 77 99 8
36 36 19 6 15 7 89 16 46 84 6 11 28 16 12 60 76 43 74 67 11 4 46 65 61 14 58 10 84 61 77 87 4 99 74 87 87 76 32 73 32 57 70 34 99 66 8 99 67 24 37 47 53 57 4 86 92 39 90 67 74 26 5 11 28 68 69 46 87 40 27 33 26 45 20 1 90 68 54 85 26 14 70 30 64 96 73 69 83 45 49 91 18 40 98 14
30 90 74 52 45 82 33 80 19 84 31 28 21 62 70 81 4 59 87 55 99 65 99 87 100 94 93 93 85 64 54 46 28 45 38 84 8 99 79 20 65 35 27 52 72 44 83 45 91 85 66 73 63 47 69 7 45 65 81 81 94 54 35 95 60 32 47 5 19 28 60 25 53 50 84 45 15 30 77 79 19 43 70 42 64 97 76 16 24 69 44 56 67 45 77 56
13 32 74 15 42 7 20 49 75 3 90 94 48 86 6 71 55 12 92 89 81 36 78 89 60 14 86 18 92 56 6 68 83 69 45 23 89 89 48 48 76 67 12 50 4 19 95 47 9 27 87 31 19 60 49 65 33 44 86 7 5 33 72 26 73 65 21 25 12 11 59 99 68 74 54 73 96 49 12 94 51 63 24 89 23 85 87 98 46 23 32 93 22 80 56 11
11 33 3 17 91 42 99 9 6 41 25 31 16 45 74 91 86 59 20 14 27 63 31 7 74 75 26 75 19 53 10 66 71 22 38 98 17 15 37 83 75 53 84 63 22 70 2 27 23 53 68 45 98 28 12 2 83 24 70 52 40 92 30 41 1 72 56 78 86 71 74 68 93 46 33 84 28 48 100 22 6 41 14 65 1 59 70 71 19 26 31 49 58 47 45 35
10 85 27 97 45 14 2 36 26 18 93 20 94 82 42 63 73 67 27 58 42 47 81 20 94 12 93 2 48 74 96 37 71 39 64 83 40 29 80 68 100 49 64 83 40 71 32 52 14 16 86 53 68 48 26 53 67 33 93 80 52 52 8 25 86 57 55 9 5 17 8 10 75 91 56 93 28 54 98 8 59 78 42 98 80 54 27 76 70 58 75 17 83 83 49 47
32 2 4 46 73 98 98 43 35 19 91 41 5 67 6 32 51 28 34 82 36 20 65 92 81 75 55 8 16 65 1 18 35 59 35 93 8 89 84 43 88 61 71 32 44 58 14 28 36 32 13 64 3 97 36 63 56 80 55 38 8 91 9 29 37 18 37 84 58 69 67 56 78 71 50 93 90 81 4 49 71 20 62 81 68 46 80 10 79 16 28 89 7 48 99 13
49 11 86 34 3 92 93 6 84 3 1 2 70 12 51 66 47 70 75 48 9 59 33 6 86 92 41 96 50 12 58 51 25 13 32 11 89 33 8 1 1 34 96 43 73 15 40 49 14 68 21 41 29 22 13 60 13 56 65 61 84 23 73 50 57 66 82 77 54 67 80 100 52 9 82 71 63 41 56 9 74 59 53 86 53 57 12 55 69 21 94 34 24 70 66 30
88 8 87 27 70 38 45 52 83 74 63 56 85 95 24 62 46 13 10 60 82 21 93 3 1 99 51 33 2 58 47 33 100 75 49 21 32 69 74 1 60 60 81 57 2 18 37 5 39 53 62 63 98 58 52 26 3 39 36 31 97 90 68 54 16 34 5 8 45 13 77 99 52 39 89 75 4 38 100 37 48 44 9 87 75 12 91 23 90 11 24 36 12 2 55 47
91 68 69 27 17 75 37 35 75 93 92 34 18 59 41 18 45 86 61 31 59 76 63 1 6 3 97 20 82 75 22 37 69 55 69 73 23 16 1 86 4 26 81 21 3 31 41 2 27 16 87 55 65 18 13 44 11 59 28 93 51 44 25 83 54 29 19 12 76 33 45 52 43 93 74 19 10 59 75 100 34 24 20 35 70 86 2 48 69 91 70 8 53 49 49 54
73 63 18 5 40 49 5 70 41 8 94 78 80 69 37 14 54 78 82 68 23 77 35 32 38 62 57 50 37 3 35 55 8 75 91 29 89 24 76 28 98 30 25 59 37 90 90 91 28 98 85 44 13 79 78 96 98 83 33 6 38 38 45 8 1 55 73 99 32 21 9 74 66 82 76 7 34 69 70 36 90 87 66 64 24 88 45 46 94 26 9 25 15 57 81 100
84 38 70 8 19 14 42 36 87 48 22 76 95 61 39 41 62 30 68 65 100 21 38 38 71 17 9 78 40 35 94 56 42 5 94 27 59 71 22 94 26 23 74 24 14 76 64 5 17 26 66 26 10 65 22 87 30 70 85 20 19 64 82 70 39 42 36 80 75 71 87 7 24 66 82 89 73 42 84 17 19 82 75 97 51 85 16 83 28 56 100 44 94 86 26 7
80 52 24 68 52 21 39 14 4 17 2 31 46 2 2 25 24 40 70 27 91 80 38 76 39 20 16 60 92 16 10 89 63 99 27 10 39 1 30 12 47 5 97 45 22 30 3 33 24 82 50 68 25 61 49 18 77 66 19 73 3 38 59 83 95 99 43 11 8 24 1 21 67 38 4 70 78 30 24 23 93 23 37 53 67 23 94 93 67 55 1 31 87 8 100 2
55 72 6 54 11 52 96 92 38 81 14 2 79 44 57 97 50 76 27 27 52 24 97 39 80 43 33 44 1 78 8 18 63 84 32 77 98 84 7 50 65 80 2 27 66 30 10 65 71 90 98 50 74 22 85 96 34 51 17 95 52 7 100 42 33 46 84 3 28 12 80 65 89 65 21 48 80 38 98 15 89 44 98 49 60 46 94 99 96 70 48 17 68 36 41 6
66 96 43 10 3 16 62 24 49 75 31 23 77 37 98 90 4 61 68 1 95 100 86 22 92 88 34 35 33 17 50 36 68 76 73 97 31 15 59 31 12 18 3 80 40 50 62 51 11 42 79 10 24 87 69 69 27 13 40 49 31 90 88 59 80 16 65 79 64 25 70 41 44 38 3 40 25 96 65 77 82 98 49 99 55 65 67 83 63 92 58 31 64 64 18 46
97 74 76 100 64 59 85 12 63 93 23 64 5 26 56 48 28 43 7 62 52 70 41 85 80 45 13 18 96 8 6 79 19 58 92 53 54 95 1 32 50 38 1 18 28 25 12 56 29 69 69 46 63 61 65 48 69 38 88 57 73 11 99 16 75 91 57 96 96 89 89 20 10 33 75 48 47 42 65 44 7 54 37 93 20 71 80 14 72 57 7 33 77 11 63 53


58 26
4 36 14 96 83 85 19 91 17 11 52 77 11 50 27 78 18 18 70 72 66 85 52 3 54 47 32 63 73 19 16 62 10 63 20 65 7 75 58 21 36 18 99 42 27 97 34 27 37 37 97 13 10 66 20 19 24 28
3 37 33 15 38 27 24 47 56 26 39 76 15 72 53 63 56 39 18 70 63 19 66 15 97 89 52 64 21 100 19 74 24 11 78 99 3 5 30 21 98 47 36 63 34 36 10 95 61 3 29 64 63 51 96 57 98 21
46 46 51 21 96 5 20 38 25 36 73 86 7 85 72 67 72 91 66 94 26 49 92 4 44 92 33 88 17 8 95 11 18 81 95 28 6 45 78 16 7 35 24 49 60 86 18 29 58 9 9 92 17 92 63 54 77 73
87 18 6 43 5 76 55 33 83 29 14 50 66 22 55 10 81 8 68 71 49 4 32 22 55 70 29 79 16 29 10 21 18 64 25 63 69 57 18 34 99 3 57 88 85 60 85 69 1 77 30 15 3 17 8 88 64 30
89 17 2 49 61 62 64 87 90 14 76 70 99 70 91 19 96 32 48 93 16 15 55 77 16 100 30 27 56 6 26 29 39 57 35 23 47 83 76 7 50 73 70 60 22 91 29 37 44 85 38 47 31 95 37 43 32 30
43 20 89 22 31 62 77 83 99 23 52 35 33 65 65 69 32 60 74 55 25 59 35 3 18 25 54 23 95 40 77 67 43 78 44 22 56 53 73 34 5 95 30 45 33 72 83 95 37 18 93 63 1 82 21 90 100 40
38 33 77 1 75 25 20 3 39 26 31 37 16 49 66 60 49 18 54 83 86 78 42 90 16 63 70 99 96 79 55 20 97 39 71 88 70 40 72 65 68 72 70 33 35 42 46 91 20 16 14 61 91 12 51 86 79 65
22 89 13 42 73 96 74 72 82 26 75 28 69 22 4 33 24 60 21 65 8 92 7 20 88 55 15 90 89 5 39 27 14 33 68 35 80 25 57 77 18 19 8 9 58 28 15 47 32 2 16 84 53 49 8 71 10 81
15 51 9 91 46 83 19 42 96 59 71 49 25 17 43 70 93 22 68 45 29 63 31 68 10 96 31 23 89 97 69 50 82 15 22 19 96 79 94 51 65 39 77 87 88 31 58 70 67 81 63 94 85 7 70 31 71 1
42 26 73 71 21 51 89 31 2 25 61 63 36 39 47 90 22 73 94 48 8 8 38 44 77 2 3 59 66 85 3 30 57 40 43 35 96 71 91 94 12 1 22 12 83 72 31 1 74 44 72 97 76 92 67 74 40 42
38 68 54 91 91 26 38 12 7 75 74 17 7 78 58 89 24 59 35 17 54 7 53 56 75 69 23 21 54 72 74 71 73 6 7 60 22 14 22 36 38 45 94 40 19 99 40 35 72 96 87 84 14 87 3 16 36 75
7 35 3 71 5 85 33 82 97 57 82 38 9 91 74 46 23 33 74 76 1 100 100 42 73 42 56 68 38 18 77 6 94 59 18 23 25 78 16 2 14 14 52 70 23 50 7 37 57 79 51 13 68 42 38 70 22 85
62 66 16 41 22 28 2 11 54 17 34 62 74 18 76 81 55 49 19 37 96 98 5 75 100 6 46 70 31 23 84 27 27 29 98 44 67 56 68 51 73 14 11 74 20 61 68 96 75 63 89 85 24 42 17 17 67 48
52 4 25 51 82 16 97 25 12 71 55 50 50 94 2 11 9 22 48 91 93 60 12 65 29 11 79 87 30 5 96 17 22 53 100 62 10 22 2 92 11 4 69 29 22 97 36 97 5 26 52 42 52 68 69 63 92 2
6 71 35 76 11 65 55 5 29 91 67 97 88 46 22 30 52 100 2 99 92 67 79 7 42 72 12 77 96 15 52 93 32 93 79 73 40 89 68 42 3 92 33 48 53 61 16 94 32 63 41 24 39 88 70 7 70 32
55 59 80 51 9 60 21 20 9 41 73 54 39 9 86 20 42 75 79 98 66 90 1 52 85 7 19 3 4 97 77 29 60 19 66 5 13 100 42 35 5 42 81 1 45 32 90 88 60 79 81 36 9 39 23 19 2 62
90 80 11 41 61 86 24 53 39 2 31 71 56 63 52 67 36 74 31 70 24 4 83 78 92 90 92 61 45 95 88 62 63 39 31 47 10 78 53 65 25 1 71 25 31 58 7 18 16 90 41 59 40 78 51 36 84 8
68 87 50 91 88 95 86 77 31 55 88 8 71 82 42 72 9 41 80 64 90 66 51 77 83 96 54 94 1 51 50 54 88 12 29 61 8 94 49 39 1 82 70 88 22 70 16 48 27 35 65 14 89 57 65 72 99 11
75 76 29 99 79 9 93 76 13 21 59 80 98 99 5 81 79 20 43 63 61 73 81 13 53 45 98 25 93 45 31 94 58 48 90 87 42 93 28 93 64 23 9 46 97 61 94 49 21 58 76 63 53 27 55 99 90 74
31 69 68 78 95 50 31 96 52 8 45 59 86 16 1 16 72 75 10 82 88 52 9 14 7 69 42 80 52 26 53 71 57 96 92 61 78 39 31 48 95 55 29 100 85 39 15 18 55 8 47 1 39 59 88 15 86 35
47 54 88 16 28 44 70 18 88 92 78 7 34 33 10 48 33 5 66 68 6 36 34 22 71 56 70 56 68 86 66 19 91 28 46 76 25 36 32 45 46 76 6 10 51 23 94 40 39 15 71 23 65 1 51 59 68 92
51 9 70 6 90 98 12 41 54 10 15 100 31 82 73 10 36 60 80 3 66 21 6 52 71 21 95 74 40 72 30 21 2 58 50 97 74 52 67 39 55 18 5 81 23 49 31 34 75 72 85 70 8 98 44 22 87 20
23 50 54 30 50 80 79 53 8 17 34 97 3 85 52 46 32 60 81 4 11 33 60 92 47 65 78 79 10 97 96 5 99 12 79 31 62 80 82 9 35 47 37 55 10 32 36 62 86 37 67 69 73 79 78 87 3 2
77 6 96 56 50 23 50 19 45 28 20 95 14 24 93 64 30 83 13 61 50 44 56 2 97 72 30 38 56 94 20 37 57 40 66 53 15 28 33 86 56 44 69 86 76 51 90 53 100 41 95 76 78 58 67 62 38 46
30 8 65 9 52 34 80 55 91 6 30 6 77 45 70 56 72 79 34 11 28 83 67 88 19 4 99 12 58 62 87 65 80 37 83 77 4 25 11 53 47 2 59 83 34 37 65 24 28 76 1 59 99 6 12 23 36 73
64 1 39 69 79 1 90 88 33 32 98 71 70 89 79 36 32 29 49 55 41 94 20 72 35 44 88 12 36 81 2 30 52 79 25 72 53 42 13 30 88 73 37 63 37 97 4 5 41 14 58 30 39 68 2 25 1 44
14 32 17 98 59 62 38 54 70 3 23 27 69 27 81 77 54 65 42 7 74 88 2 81 39 50 58 45 76 73 70 24 61 90 72 6 23 78 22 25 48 71 29 24 88 10 91 24 34 25 14 53 62 39 97 14 86 87
48 60 79 76 59 54 79 15 47 21 52 53 42 96 35 24 70 89 77 79 55 16 7 66 31 6 76 57 22 93 4 100 96 5 58 13 28 10 82 81 19 24 7 50 54 4 11 76 67 52 57 18 70 11 19 1 48 53
51 7 59 49 71 1 67 48 31 28 43 43 59 14 99 35 20 30 17 97 5 84 66 48 90 27 93 49 87 62 67 31 9 44 49 7 58 98 20 88 8 20 47 24 74 81 58 48 27 2 27 49 24 41 93 31 86 55
13 76 19 79 80 7 12 96 41 66 50 38 52 23 94 40 37 59 16 49 53 59 38 45 62 56 18 75 75 72 71 85 60 61 98 35 95 60 61 100 49 100 44 70 40 36 44 94 100 97 50 13 30 28 90 14 2 15
51 53 36 44 32 63 45 55 98 70 14 55 62 17 2 44 5 68 78 84 57 68 51 21 29 83 49 61 82 42 88 7 47 10 5 98 52 45 26 95 6 89 35 25 82 85 78 84 18 76 42 11 10 77 96 88 6 31
46 35 61 94 86 74 54 33 26 24 53 75 84 82 81 42 45 15 12 22 83 43 85 64 10 96 48 76 17 44 69 1 43 36 84 14 8 92 34 82 82 69 73 79 15 80 40 58 95 75 39 47 31 50 89 36 100 72
17 59 63 63 42 72 5 1 35 98 31 94 75 91 94 44 97 44 18 36 35 87 43 47 45 71 92 17 78 12 66 61 8 1 15 70 92 93 19 15 6 18 76 3 58 25 15 12 25 63 7 41 55 84 25 43 89 62
31 55 54 100 51 19 20 24 19 35 78 1 52 91 50 94 96 73 14 44 80 99 35 3 89 11 46 56 30 70 24 74 88 73 91 81 58 11 25 15 8 44 62 12 57 29 10 45 100 25 33 53 40 64 73 35 39 60
58 43 98 33 30 75 100 53 100 60 19 59 96 64 91 32 69 55 29 20 23 9 46 55 7 2 31 16 13 60 21 26 31 36 27 66 14 32 45 4 39 33 62 36 9 37 68 86 39 44 16 31 39 7 77 47 57 29
99 6 64 71 51 55 44 1 9 29 27 22 74 43 88 17 70 25 85 77 19 78 69 41 41 58 25 1 17 75 100 89 27 30 13 56 27 15 93 63 24 29 8 34 87 67 43 54 34 92 99 16 46 47 92 24 37 54
22 99 8 28 26 38 59 10 28 62 66 83 72 7 59 14 20 8 62 66 49 84 67 51 17 10 87 74 35 38 59 5 76 29 50 55 86 68 18 41 10 52 46 36 44 35 59 15 89 17 54 12 46 80 23 51 94 66
95 19 14 50 37 73 12 44 14 78 43 52 55 16 96 85 56 100 37 59 74 96 51 58 98 94 70 73 9 91 47 3 81 21 74 90 41 65 91 65 74 66 27 47 76 42 89 48 51 5 89 46 6 13 90 50 52 51
52 90 87 97 69 47 61 10 32 16 65 33 30 46 62 47 41 7 80 41 28 24 85 14 24 17 24 51 2 23 11 83 4 80 81 42 15 62 48 56 99 37 50 95 77 64 93 19 87 96 71 82 72 24 96 43 12 29
49 70 52 28 60 100 56 56 49 8 58 4 9 21 56 77 48 6 39 14 1 81 2 99 36 30 8 76 39 19 16 76 54 69 38 53 87 94 99 82 12 55 41 78 3 85 5 26 27 82 50 78 80 10 82 24 31 66
65 86 68 96 50 82 75 33 16 25 10 49 85 52 15 96 30 64 17 16 26 69 66 37 44 71 36 70 35 43 56 75 67 6 63 32 94 42 98 49 52 97 90 35 25 31 61 84 71 36 61 46 23 10 88 50 41 61
30 95 15 26 71 17 65 91 67 9 10 51 97 29 27 26 24 1 8 29 37 66 55 3 89 60 4 35 91 42 66 78 79 6 48 68 3 85 23 28 83 21 14 23 85 58 85 16 15 20 99 49 13 89 11 14 93 77
19 10 14 31 30 10 47 59 62 10 86 31 41 75 91 53 23 88 43 98 39 64 67 42 21 92 66 58 63 40 48 86 82 76 88 49 14 59 52 88 26 7 54 75 53 100 30 78 40 67 43 17 1 46 87 75 97 41
4 100 88 51 91 20 40 19 49 84 8 39 59 88 65 78 79 10 63 25 90 59 9 32 27 96 23 49 27 85 22 23 79 84 82 21 34 13 64 75 75 37 80 78 49 34 19 40 71 33 11 81 26 83 86 64 97 5
36 64 92 87 97 81 63 62 35 64 93 66 29 15 86 70 39 88 81 13 97 24 88 46 89 8 5 97 61 50 92 95 21 87 93 61 85 95 65 20 19 3 25 44 31 91 25 28 64 40 37 20 32 56 21 89 58 63
13 76 69 26 39 71 76 90 55 34 75 26 38 71 64 66 57 76 98 32 23 14 6 68 18 50 50 22 15 39 95 73 37 24 13 15 68 56 21 12 95 45 38 58 90 97 5 69 64 23 36 62 42 12 26 4 40 35
77 92 84 51 34 92 76 44 75 37 47 70 64 4 72 93 16 21 69 38 80 66 24 27 37 95 21 65 81 27 53 8 42 10 55 69 92 20 36 98 69 22 2 95 31 92 50 22 45 39 26 67 80 100 80 11 80 38
31 59 16 89 93 35 93 100 70 36 74 77 25 47 43 93 86 4 75 89 31 60 59 71 42 77 46 48 83 36 71 66 34 24 28 47 3 49 41 77 74 78 17 76 36 62 92 6 45 39 48 91 70 12 34 24 14 57
8 14 33 95 53 70 25 70 46 35 6 89 32 39 38 91 98 39 92 69 18 13 74 62 80 62 50 74 33 47 66 85 48 5 73 57 21 51 5 93 27 29 28 68 85 18 1 92 72 71 24 9 49 97 41 93 12 54
59 79 71 5 2 66 3 51 75 85 6 52 14 50 11 56 1 55 49 31 10 89 72 28 84 41 82 12 19 12 85 5 3 94 19 83 14 16 15 31 86 84 74 16 18 99 85 89 63 27 35 27 82 97 74 2 8 60
35 25 82 80 41 79 89 48 99 69 39 34 3 24 6 21 28 52 26 13 15 47 23 19 73 28 42 57 49 49 41 77 82 50 84 84 82 100 41 60 17 28 95 60 19 13 56 6 76 47 99 32 36 13 30 87 25 82
34 58 55 6 35 23 98 48 74 20 15 44 86 38 73 36 31 90 19 55 27 10 43 63 57 99 6 53 53 83 47 8 86 57 55 51 31 46 43 95 51 88 30 93 37 5 81 93 73 2 98 28 76 15 41 64 49 36
22 59 35 49 32 49 26 91 100 99 60 16 57 27 70 72 15 79 96 18 58 14 64 26 95 89 33 92 40 37 98 99 40 53 46 11 4 25 19 84 18 4 64 42 79 1 90 57 53 16 27 75 79 91 59 22 11 56
59 28 39 47 71 70 94 57 44 56 28 87 26 17 84 81 3 41 85 20 29 24 82 59 81 21 12 44 38 72 87 7 81 41 64 40 85 54 21 66 72 12 11 91 18 31 40 59 4 73 62 64 100 23 89 52 68 43
6 37 72 73 42 93 66 75 87 34 72 96 23 99 95 26 47 78 84 83 72 10 84 19 90 10 94 96 15 50 16 84 24 26 64 74 47 51 27 45 82 20 34 5 95 30 29 33 87 96 96 26 33 99 46 35 36 1
8 8 29 91 49 20 43 23 61 8 5 61 55 73 28 21 46 53 91 84 69 45 36 44 89 50 64 8 30 59 10 65 79 69 42 24 70 93 74 5 94 29 41 32 5 17 39 3 76 10 86 20 9 74 95 4 12 1
67 24 13 84 84 97 85 9 45 30 11 57 77 94 71 59 46 21 37 17 7 58 88 37 74 28 97 37 48 58 79 18 11 29 79 55 52 69 95 28 85 33 12 87 90 13 79 45 97 1 78 22 7 64 69 19 43 36
25 100 15 20 4 83 46 13 26 16 49 29 95 19 85 17 98 27 36 54 27 33 24 94 23 30 20 22 63 98 34 36 27 90 50 12 93 35 53 18 51 94 79 4 87 77 73 29 57 6 42 33 46 4 21 27 61 25


72 15
3 80 58 16 60 29 22 99 7 56 45 67 60 8 89 77 7 85 60 19 62 85 100 35 97 29 54 58 9 51 71 83 76 67 29 68 16 60 19 17 83 22 81 37 77 56 85 71 37 28 13 34 16 65 73 56 89 42 78 82 72 82 1 97 95 3 29 13 88 79 2 56
28 25 69 35 58 55 54 64 49 27 11 15 68 69 17 95 23 6 65 67 60 42 95 17 32 92 22 69 80 79 77 10 11 6 95 17 67 49 22 43 50 54 35 66 71 58 76 70 20 31 52 11 67 69 59 87 14 1 69 66 21 17 42 2 40 84 84 29 6 60 99 32
44 72 88 38 18 98 25 78 13 81 91 95 28 70 41 92 49 16 32 4 23 68 36 62 21 16 61 35 60 80 88 54 38 94 5 19 39 29 97 72 7 25 3 31 38 48 93 28 37 12 22 90 53 69 44 42 11 21 11 68 13 54 84 34 62 75 61 73 39 86 80 17
27 18 64 40 81 13 59 9 86 6 74 100 29 65 30 17 32 18 45 43 24 90 38 84 90 67 95 52 14 25 49 10 32 12 30 3 31 50 77 68 46 71 68 71 2 51 39 72 30 93 98 60 20 97 99 79 13 8 4 83 4 97 42 45 52 7 57 30 62 52 87 95
79 11 27 88 87 70 81 84 49 23 51 49 22 98 37 87 38 25 29 18 100 68 32 73 55 3 89 24 26 78 8 92 37 85 34 86 53 14 39 66 5 33 85 51 17 54 70 21 76 8 24 85 97 19 9 75 48 55 39 31 75 99 95 91 34 29 6 23 97 83 8 88
35 90 75 96 80 98 4 26 32 88 70 94 92 88 99 44 62 55 72 40 48 31 50 47 36 40 37 45 75 89 43 26 8 67 41 30 9 61 85 55 17 6 56 39 8 81 50 41 51 21 2 57 38 76 42 78 38 32 73 11 21 63 21 73 73 8 41 49 96 27 99 2
4 95 30 16 72 87 21 85 77 69 4 26 84 88 68 66 92 78 47 38 93 60 39 14 29 95 61 87 5 15 67 41 10 83 60 27 46 22 60 75 39 85 54 7 14 37 55 5 73 28 17 14 62 76 9 16 16 27 14 83 89 60 76 34 38 23 75 31 1 23 16 100
99 30 48 66 84 92 15 47 99 26 6 49 85 52 77 86 93 48 48 94 21 32 54 18 48 14 33 47 90 44 14 65 88 54 97 47 16 22 19 53 91 39 8 49 86 44 9 27 65 22 57 43 26 15 19 61 56 37 100 50 89 84 80 27 52 34 84 9 77 98 46 4
53 29 12 96 1 56 92 52 5 37 56 69 78 12 24 64 50 48 90 72 46 58 97 60 12 75 88 9 31 84 19 38 66 44 41 91 33 92 53 33 28 98 84 1 61 17 65 34 7 68 62 33 76 3 59 80 69 92 30 100 91 100 32 55 63 75 70 64 18 66 79 13
88 86 67 67 62 89 34 50 36 25 7 64 39 73 97 88 65 79 68 46 52 6 4 58 66 60 11 36 97 85 54 82 29 91 86 45 14 5 44 40 54 71 40 26 67 64 76 88 40 90 26 25 4 57 28 66 1 25 55 12 56 47 31 81 28 18 60 55 28 11 49 85
1 78 47 57 92 67 26 24 1 87 88 63 58 27 57 73 58 93 60 17 91 26 53 61 93 7 23 30 10 48 86 69 40 38 93 85 95 23 63 19 87 76 37 99 60 5 16 4 58 93 89 23 93 91 72 61 97 38 82 43 30 6 23 1 60 78 26 30 8 100 77 31
58 56 2 53 71 66 60 35 65 11 37 17 53 97 35 13 41 52 26 87 7 4 16 58 76 42 44 44 57 2 52 42 15 27 72 41 34 28 19 94 24 57 44 58 96 19 19 54 82 83 73 22 21 6 14 65 8 7 87 58 14 6 43 41 45 48 32 93 27 68 82 74
25 24 49 52 50 19 22 99 35 17 76 7 67 71 42 12 67 66 19 67 2 8 52 19 83 45 15 68 58 56 82 30 46 81 18 9 29 100 24 57 69 7 62 19 22 89 79 55 34 42 42 65 79 77 48 10 92 15 52 75 62 62 72 9 40 92 20 14 54 7 12 77
32 31 61 37 45 95 26 83 99 62 1 52 54 34 93 47 39 25 50 3 37 70 33 93 99 25 82 35 22 91 63 97 25 90 22 83 75 73 76 54 66 39 26 87 83 29 9 59 22 88 23 38 14 93 18 35 64 52 51 9 21 17 46 19 57 50 5 62 90 97 65 80
54 85 23 73 93 17 94 9 57 36 4 39 46 51 24 69 82 24 65 76 88 55 90 82 60 39 20 64 85 66 14 62 98 51 55 69 72 63 34 15 16 98 51 84 11 13 75 14 78 36 54 7 90 66 55 75 1 35 38 34 65 38 54 89 28 55 99 20 2 63 41 12
11 60 90 86 62 84 5 29 94 35 26 79 96 36 80 8 41 99 33 9 43 91 100 22 5 3 86 8 92 66 14 31 72 2 32 73 100 49 94 100 74 85 71 98 14 93 8 5 49 62 8 50 3 82 44 55 36 79 77 21 61 45 48 9 84 8 85 83 37 69 58 83
83 38 43 63 72 13 68 19 67 31 72 1 88 66 93 76 15 59 22 63 52 16 29 63 73 34 59 9 24 39 97 5 6 90 9 98 30 69 92 53 14 91 91 11 47 100 59 37 6 92 92 66 48 50 10 69 50 67 13 7 33 69 34 97 62 84 88 79 37 92 93 76
20 93 96 93 54 26 3 21 94 37 12 26 27 14 95 13 26 41 69 59 26 43 55 77 54 13 26 53 84 89 90 81 69 59 93 74 34 10 32 72 38 12 82 13 27 89 38 69 46 51 87 64 62 82 63 56 75 54 83 25 33 21 38 7 48 54 20 93 29 23 66 5
55 52 94 13 88 48 84 12 55 39 14 36 27 21 24 17 94 22 29 26 49 13 16 58 76 77 73 64 24 64 55 17 54 4 87 60 15 87 20 13 27 47 96 21 19 2 61 10 63 23 80 34 93 16 15 59 46 28 18 12 3 1 31 66 80 13 94 59 65 41 94 20
55 30 4 86 83 82 22 19 93 31 21 34 35 61 66 61 15 24 96 12 49 37 24 7 61 71 38 69 60 16 56 47 53 86 50 35 94 76 37 32 23 87 30 76 7 51 83 19 88 73 78 68 90 57 36 1 68 5 49 58 70 18 87 84 40 92 58 32 27 80 80 90
2 85 94 37 67 96 12 2 47 20 4 81 38 91 24 81 86 1 44 70 18 54 69 24 85 35 33 65 58 48 4 9 80 28 54 14 18 22 44 40 57 1 71 21 57 90 69 73 50 14 32 94 56 21 1 5 21 54 37 64 10 47 37 81 30 74 63 20 92 18 14 54
30 19 62 57 84 95 49 21 57 44 37 63 9 61 35 6 8 64 5 39 36 4 2 36 52 10 53 3 36 34 81 44 99 73 45 84 41 97 78 36 49 46 34 80 93 61 99 95 74 57 38 93 62 72 68 40 39 98 47 77 21 10 62 62 26 45 42 66 22 55 53 48
30 90 25 32 38 30 5 95 60 47 74 17 58 81 59 69 2 28 30 56 91 71 45 94 34 29 98 57 22 68 45 83 30 75 97 28 81 18 53 83 51 3 22 87 17 76 90 33 89 77 70 53 17 5 87 36 100 8 61 46 4 18 54 98 14 38 83 31 56 17 63 21
73 30 93 3 74 18 89 13 87 99 84 8 59 30 79 50 68 25 90 44 39 17 10 92 47 78 19 63 46 28 46 28 33 3 61 84 25 71 56 68 43 97 45 62 11 76 61 30 76 15 37 43 61 42 73 12 93 4 23 33 51 37 30 44 8 57 30 9 51 81 15 24
35 70 82 8 66 82 43 65 95 36 30 1 36 36 40 70 91 20 77 51 27 58 70 28 87 27 43 20 55 82 87 21 100 8 20 74 63 42 52 53 41 39 58 50 76 88 80 91 37 51 85 21 10 8 23 19 37 85 20 59 72 94 34 23 1 76 15 29 100 13 33 9
56 49 83 63 2 83 83 48 97 78 5 17 67 35 50 25 9 19 60 28 100 60 20 47 45 84 35 36 65 24 64 69 47 90 95 30 65 91 96 36 33 80 76 67 81 92 46 14 72 73 12 23 83 94 80 14 15 83 20 48 50 54 45 53 98 83 99 41 63 4 96 52
78 42 28 65 93 62 13 71 96 34 88 83 36 16 90 73 62 87 84 50 100 78 69 56 36 32 5 30 13 16 57 43 82 97 79 27 97 79 26 100 24 1 87 99 17 66 70 75 41 87 74 64 27 72 97 40 96 64 85 26 16 92 7 67 10 12 96 35 14 85 67 23
6 65 50 45 52 58 34 81 68 53 5 53 30 31 8 68 53 35 46 12 4 2 15 19 89 26 2 59 87 34 40 77 23 31 95 90 6 25 79 54 27 65 94 77 97 62 56 14 49 90 95 2 93 29 71 36 17 69 71 31 60 30 31 42 47 28 30 77 78 1 42 43
21 40 15 62 11 15 80 85 9 43 77 55 97 84 75 23 79 9 14 90 22 85 18 22 62 45 38 36 61 6 56 39 75 53 21 1 53 10 19 46 53 41 42 56 31 25 79 65 80 95 59 97 92 11 8 21 98 13 24 81 47 33 64 19 91 33 5 14 28 35 53 65
43 48 79 58 99 57 80 39 68 42 43 55 9 4 35 76 92 17 54 7 79 31 70 21 7 44 4 32 11 81 36 16 91 35 55 55 75 13 73 99 63 44 43 44 65 39 51 92 86 3 25 99 100 12 13 62 85 57 91 84 40 92 59 29 64 94 78 35 18 14 76 19
100 89 50 1 15 89 57 41 97 75 94 75 47 35 33 52 9 89 24 83 39 88 87 16 99 38 28 3 88 91 98 31 46 5 38 77 75 84 75 56 94 36 62 89 43 52 29 5 43 19 50 21 83 45 6 98 55 96 30 22 70 3 40 86 58 1 81 81 72 57 58 83
39 68 53 94 26 97 70 22 78 8 87 85 88 100 52 95 27 86 22 67 54 93 53 23 53 78 49 35 3 81 56 81 67 81 25 2 87 12 9 24 28 21 6 46 66 62 61 35 52 24 91 95 58 28 96 43 33 37 98 95 28 99 79 85 26 50 8 9 20 83 98 60
5 56 67 65 12 68 67 86 7 5 76 25 5 86 75 73 5 42 2 35 81 82 94 26 81 12 41 46 41 54 1 88 53 9 80 17 36 21 44 98 27 75 68 31 13 62 47 98 13 39 70 93 78 43 77 92 83 25 29 68 61 97 66 92 73 41 79 13 1 30 98 15
91 60 90 53 49 82 32 31 63 20 26 66 59 72 7 1 20 17 42 20 92 8 11 26 15 66 12 46 63 41 10 82 32 93 56 22 4 88 44 80 14 92 15 15 15 63 99 53 65 59 52 45 39 30 30 92 11 30 38 82 86 66 33 19 67 10 14 29 47 91 43 63
2 21 31 10 22 81 49 63 65 6 14 75 29 89 67 71 89 53 21 45 41 61 67 3 55 64 43 5 36 26 26 39 11 36 97 87 23 46 96 20 52 74 49 82 26 77 94 30 42 16 3 96 87 17 87 22 15 13 37 27 90 70 3 37 79 32 65 37 20 34 49 57
73 7 82 72 91 44 57 94 96 20 96 15 81 44 42 68 44 7 7 29 92 34 44 98 90 35 77 26 99 98 89 14 41 88 8 94 42 1 29 11 42 44 52 14 79 26 79 97 75 37 52 56 86 73 52 67 19 85 8 87 70 42 49 81 8 58 93 85 4 66 62 71
23 27 40 70 24 81 4 73 83 31 1 34 88 17 72 81 31 2 91 39 100 68 30 9 58 45 63 73 84 19 80 24 69 22 58 49 81 19 86 73 66 99 39 35 11 27 14 91 54 6 40 16 67 22 14 9 5 11 22 20 93 51 19 42 97 92 37 73 35 84 37 82
5 35 58 39 23 93 65 39 39 6 13 85 16 3 83 61 39 39 38 98 56 42 90 51 59 25 2 24 24 13 85 53 31 45 29 19 47 76 95 31 49 7 43 10 63 91 32 70 90 61 18 10 13 37 4 100 87 80 1 16 87 30 46 12 11 26 13 62 41 57 68 31
1 9 48 3 33 80 8 91 62 26 71 20 53 91 43 54 86 27 10 39 31 9 20 60 29 96 80 98 52 7 56 67 48 34 5 39 18 33 30 34 20 62 50 5 86 60 93 33 21 69 95 17 33 34 90 72 64 96 49 94 54 11 75 59 37 34 39 22 25 27 63 63
14 15 65 66 76 9 35 34 69 78 80 5 14 71 1 41 49 56 31 3 75 72 90 10 72 100 53 70 78 22 5 16 55 95 56 71 99 57 52 67 69 75 40 93 2 64 45 36 45 73 44 25 14 81 4 41 85 34 95 46 92 84 96 31 3 41 74 20 86 81 46 75
31 21 36 59 66 99 93 74 38 74 6 5 29 14 89 49 85 93 7 39 47 3 27 86 66 72 31 85 92 66 61 49 79 90 29 72 14 52 51 92 58 30 21 11 81 47 55 12 74 35 4 87 30 16 40 72 43 36 76 78 100 94 34 42 51 56 74 11 48 93 71 96
60 17 33 36 21 7 61 53 71 56 71 21 96 99 58 15 96 74 84 70 17 38 77 87 16 2 49 19 11 24 73 90 39 52 2 6 61 11 62 26 14 72 74 62 97 72 85 71 39 61 52 83 42 70 31 76 79 92 18 16 66 57 81 6 86 7 4 20 65 100 20 3
81 34 50 72 54 10 13 53 86 63 86 3 71 85 62 58 24 82 58 67 34 36 39 89 61 88 3 22 55 53 61 97 43 85 59 64 88 85 87 36 38 81 77 23 50 62 77 22 15 84 6 48 32 89 83 36 92 98 49 41 2 70 20 44 74 84 98 41 85 77 5 75
56 27 7 91 98 82 42 75 100 94 13 5 96 51 7 19 29 21 68 3 10 65 53 8 1 68 35 38 70 87 79 51 93 58 97 78 44 46 91 21 38 57 96 5 75 15 34 9 54 50 19 5 15 2 53 68 90 99 74 60 18 55 46 75 52 84 16 70 25 90 90 66
19 2 69 47 42 67 80 37 9 90 68 79 37 95 48 12 92 30 74 59 90 6 28 97 8 53 96 73 46 90 86 15 23 62 69 91 41 81 37 15 89 97 31 85 20 25 75 96 29 29 18 44 47 72 80 75 65 8 99 3 73 27 6 9 3 85 38 59 1 100 82 1
9 21 89 62 42 12 38 38 29 27 78 16 77 48 19 74 82 42 46 24 2 72 75 26 60 88 66 71 68 77 46 44 38 45 80 44 67 40 91 52 14 35 1 66 69 86 70 18 48 73 44 70 7 41 91 58 69 18 55 22 43 44 33 79 58 42 73 40 4 79 28 54
26 40 41 61 18 38 65 88 33 95 27 22 29 22 50 1 41 9 73 63 53 78 19 73 46 24 36 36 1 44 19 94 57 61 2 28 39 84 62 49 95 74 17 60 95 37 16 24 72 33 15 58 4 7 3 18 97 39 12 88 19 89 48 13 88 49 50 78 74 38 99 77
80 35 44 78 92 3 19 21 6 87 3 72 16 17 70 73 46 57 39 22 47 54 71 25 15 25 88 17 95 89 42 92 38 66 95 30 25 40 45 63 40 54 11 39 31 21 77 95 51 31 74 54 28 44 80 76 49 95 92 71 96 23 49 2 64 59 42 62 24 43 30 44
70 65 35 69 48 51 13 15 44 10 22 75 28 33 50 68 16 3 3 43 29 24 41 41 35 99 83 53 37 20 81 91 23 20 98 65 40 1 57 71 83 77 23 35 33 25 76 81 20 86 56 77 71 92 60 69 45 70 46 45 59 89 25 56 83 27 28 97 18 69 7 53
45 23 95 61 27 38 2 40 36 75 38 3 7 83 28 4 66 20 27 17 59 4 91 100 77 68 82 84 79 43 36 58 98 67 47 28 98 61 45 66 12 25 91 20 70 41 93 83 27 53 62 12 56 18 90 94 43 12 5 18 40 64 63 10 55 73 76 30 70 36 86 28
93 79 11 70 26 52 51 74 11 22 88 8 90 55 19 86 60 21 86 35 59 93 92 87 58 23 48 88 10 63 70 47 13 60 88 31 100 67 87 2 33 27 43 85 69 17 14 3 11 15 65 29 32 96 2 7 39 17 99 89 31 54 40 63 88 86 94 74 77 30 37 51
69 51 44 58 74 23 93 6 30 89 91 91 62 24 22 44 99 31 76 65 38 86 48 32 88 39 84 64 62 56 13 27 87 74 52 7 84 94 70 73 31 22 12 55 34 43 72 94 37 32 86 59 3 86 46 21 44 81 11 45 73 93 89 8 48 49 100 91 8 32 70 53
41 62 24 29 47 48 38 40 76 20 61 27 38 78 59 85 39 46 76 11 9 63 47 28 38 57 30 15 23 9 42 10 8 77 68 75 46 93 44 63 13 36 21 97 30 39 70 18 19 87 44 60 73 85 65 84 93 81 72 84 10 78 38 65 28 34 79 65 98 99 33 48
54 94 30 86 80 60 3 53 56 9 81 15 74 24 19 64 50 100 58 16 67 42 23 44 31 87 15 82 8 49 93 62 87 25 87 22 58 20 59 35 41 42 88 25 66 75 35 96 48 58 89 97 16 51 12 33 88 36 42 31 90 76 86 88 54 42 66 92 36 44 68 88
100 9 38 28 68 90 54 79 52 22 54 28 39 71 1 81 4 89 5 73 95 17 59 69 68 1 16 100 94 79 29 30 42 91 42 67 55 36 28 87 13 77 95 88 56 1 12 25 81 27 34 31 54 76 59 17 83 84 20 5 88 75 17 51 97 76 98 31 59 35 54 70
85 55 35 50 57 35 36 51 53 81 70 32 40 18 2 81 27 100 43 85 4 74 51 64 17 93 4 85 78 17 78 56 70 48 95 43 40 23 46 44 66 53 7 20 80 62 59 18 30 86 3 40 1 100 86 77 73 61 11 54 45 7 39 8 7 98 77 68 41 10 75 66
97 50 91 22 52 25 10 91 76 32 91 61 3 48 4 8 82 23 55 50 82 37 22 77 75 93 76 68 92 71 27 90 21 88 45 32 52 58 14 27 32 87 51 83 64 75 90 95 69 91 29 69 40 48 68 73 48 78 90 83 90 86 98 71 61 5 12 99 54 36 95 64
91 49 63 50 85 77 15 76 55 6 28 8 25 19 97 7 42 75 11 99 45 68 52 95 32 85 83 18 52 25 79 82 18 48 6 77 94 39 75 22 70 8 3 51 13 46 66 75 50 20 23 58 97 22 1 52 58 28 23 9 100 86 25 15 60 1 72 85 6 90 85 54
49 64 94 77 69 87 42 54 28 8 83 100 35 37 44 47 17 63 73 9 15 35 42 42 100 55 8 86 38 49 58 65 57 49 38 58 76 38 82 2 12 21 77 84 82 5 3 45 61 67 25 77 52 89 21 93 91 42 30 49 98 12 94 87 10 70 5 54 58 55 22 83
100 63 74 5 35 18 83 46 90 80 44 68 52 17 19 77 61 26 78 68 68 13 77 92 24 30 86 64 74 65 78 47 49 31 75 4 51 63 51 70 99 43 66 58 75 37 18 9 68 44 70 30 58 33 7 83 77 11 4 73 24 31 59 98 38 31 92 86 5 18 87 76
6 71 83 75 22 54 64 8 12 18 66 7 88 96 33 53 2 77 53 45 73 30 16 12 82 6 77 57 40 98 55 5 25 65 15 98 97 100 17 31 19 62 4 99 19 69 83 30 71 61 84 92 56 34 35 33 65 86 62 47 22 82 4 76 99 45 5 69 75 75 99 23
80 99 41 23 3 65 45 39 1 78 90 78 59 72 31 30 4 55 18 54 55 73 48 37 59 18 84 2 86 9 16 45 35 48 72 4 40 75 51 78 63 95 11 66 35 37 72 72 18 67 26 42 71 91 10 98 83 28 9 96 4 13 30 97 13 96 62 71 58 66 1 2
14 60 3 68 43 86 62 91 72 33 55 62 30 59 59 1 55 44 17 78 82 41 7 67 67 80 36 14 49 27 94 47 17 31 4 72 17 18 67 61 97 76 34 70 93 2 27 77 83 95 97 83 38 14 91 40 6 42 56 68 42 77 98 56 1 67 69 58 65 11 49 3
1 56 66 2 57 5 44 58 16 49 74 80 97 2 7 82 77 46 64 18 59 26 30 93 54 45 83 33 69 58 15 70 78 4 29 90 24 87 4 8 57 2 88 12 22 8 31 35 67 76 84 100 66 49 92 94 40 76 54 32 81 69 44 65 60 51 27 77 62 50 10 3
42 99 41 19 31 5 49 73 15 58 14 92 36 59 42 45 60 45 49 17 29 94 18 61 4 10 73 53 21 96 84 87 12 71 47 55 57 44 45 28 89 9 59 89 91 68 18 57 44 3 69 83 95 61 1 97 8 23 83 100 34 42 2 71 51 45 80 6 88 10 50 43
55 20 31 45 24 47 56 87 24 38 84 50 75 66 83 82 33 78 57 10 2 48 66 11 19 94 25 9 34 64 27 12 86 37 23 59 26 12 99 95 31 29 74 39 31 63 20 9 3 74 14 75 78 92 37 58 36 84 9 42 86 65 82 14 23 30 81 91 5 61 94 71
71 67 19 65 67 57 52 40 40 78 22 87 64 83 23 8 62 2 80 7 61 71 87 79 48 69 98 17 68 30 51 29 39 100 39 62 95 95 38 73 70 5 38 21 82 51 94 5 19 63 85 98 21 32 39 6 64 39 35 70 13 89 26 87 66 2 27 47 47 34 49 92
69 78 98 94 84 98 100 41 12 83 93 30 27 47 91 31 12 27 57 44 100 40 81 65 45 91 60 12 50 96 78 12 44 27 96 31 32 84 28 12 43 80 65 42 61 14 87 94 18 58 95 46 66 14 60 31 6 27 71 7 61 68 41 61 62 90 56 8 95 67 83 76
95 11 62 62 30 84 75 96 97 64 42 32 76 74 92 7 27 55 76 27 35 1 8 97 50 80 73 88 95 87 26 80 61 56 85 28 92 26 57 12 22 72 88 15 83 20 74 67 33 85 39 83 42 41 74 91 72 50 59 6 9 82 82 45 16 53 44 95 15 82 38 42
54 41 73 82 21 45 16 68 19 26 68 63 4 58 93 26 24 38 78 8 44 78 22 70 74 68 73 2 99 78 44 3 31 23 62 6 3 37 12 74 43 39 23 2 85 21 16 100 99 100 62 48 45 39 83 39 55 65 57 2 1 49 30 44 24 57 27 52 79 16 61 88
70 3 25 26 68 81 79 5 68 90 25 84 30 57 73 9 53 55 63 48 42 20 39 26 75 46 93 98 27 65 13 65 34 7 78 62 69 57 36 53 42 88 89 45 66 28 98 70 94 25 34 25 71 62 100 18 21 16 75 26 37 4 59 93 71 90 54 7 79 13 72 54
52 15 50 45 98 59 57 6 27 66 43 52 13 32 64 70 53 13 42 53 3 85 49 70 67 82 36 28 56 58 88 86 44 94 77 80 84 80 16 63 46 7 33 81 42 41 59 65 99 33 67 46 66 84 65 67 51 12 74 11 62 71 11 66 73 65 65 48 99 56 100 91


50 21
30 86 63 36 59 86 29 37 52 38 47 37 93 2 77 99 2 77 37 40 14 60 5 93 67 8 30 94 23 16 80 53 56 49 84 12 94 64 47 10 75 1 47 15 94 5 82 85 100 49
96 43 84 19 23 34 77 42 77 40 57 81 60 87 79 51 21 33 69 9 31 7 30 60 12 75 14 41 86 87 30 73 33 14 8 77 27 67 32 69 27 22 16 62 97 66 6 72 62 44
80 80 88 60 10 27 47 10 60 99 79 55 87 29 39 76 85 9 5 80 38 27 63 71 49 59 71 70 12 3 62 36 12 50 2 23 20 44 12 81 32 54 54 43 54 25 26 11 24 39
60 87 2 50 32 46 3 95 3 76 92 31 6 69 61 10 25 66 33 72 42 32 96 50 37 93 44 80 19 12 56 48 1 89 69 78 60 16 96 81 96 51 43 8 19 62 62 43 5 94
1 51 31 37 4 18 22 5 50 46 32 96 73 17 21 51 44 49 69 15 100 98 54 64 33 35 15 67 4 16 84 81 40 85 52 33 19 95 28 32 51 11 60 74 50 59 98 17 81 15
64 96 24 71 58 89 56 41 18 51 85 29 51 49 99 77 82 34 84 33 32 13 25 85 73 66 22 81 83 92 89 73 42 18 12 30 24 23 61 99 21 88 91 40 55 74 5 13 90 35
33 78 65 66 74 70 32 99 20 66 80 3 56 90 86 85 32 93 66 86 96 57 42 43 39 32 64 15 51 37 76 99 42 49 32 100 60 16 19 2 7 44 20 45 72 13 99 75 42 5
96 32 34 14 89 76 56 70 9 58 94 92 94 88 32 75 22 55 5 90 25 45 66 12 18 20 85 19 83 88 10 75 56 97 71 68 27 91 51 14 80 61 1 6 23 15 18 22 36 76
79 33 66 74 56 80 83 26 38 85 69 64 43 84 15 49 99 67 91 54 56 19 4 22 21 30 65 12 88 90 20 19 34 18 30 4 12 3 38 24 93 1 77 37 70 96 16 27 64 31
39 69 26 95 4 47 84 91 66 39 16 9 14 44 86 46 72 67 51 74 76 41 87 59 11 29 1 98 11 87 27 64 95 98 23 78 87 46 59 88 35 44 29 93 17 37 63 58 48 26
86 57 94 41 32 92 1 11 99 83 11 1 59 4 69 80 66 84 4 74 47 52 36 49 90 57 31 30 69 16 94 63 31 92 51 26 10 57 28 75 37 67 50 33 51 14 91 80 95 10
92 40 50 71 59 26 70 60 49 5 100 20 30 45 20 57 11 51 67 89 51 5 79 79 11 88 47 74 70 100 65 3 32 56 43 12 18 4 80 77 40 25 37 40 68 20 32 42 80 66
76 40 29 50 37 65 74 40 38 72 53 22 66 76 34 71 23 70 46 85 89 98 9 83 34 60 72 17 11 77 62 87 6 93 80 20 66 32 91 43 38 92 70 60 42 51 57 40 91 14
13 12 6 51 82 12 43 71 64 97 6 32 43 12 35 77 78 61 63 50 21 26 31 54 42 2 59 57 67 94 94 22 43 44 99 92 61 31 6 98 13 6 94 19 96 18 77 59 98 93
8 66 22 50 48 58 8 9 98 13 44 48 36 93 24 22 48 59 68 88 28 86 100 78 31 77 57 36 9 34 58 42 56 66 81 65 39 88 84 1 32 18 70 94 90 85 51 10 66 83
55 70 35 12 19 4 97 39 52 66 40 87 66 64 83 31 80 3 79 73 78 93 44 42 26 30 94 66 85 50 7 48 98 21 93 7 69 10 88 75 45 48 91 34 25 66 73 52 95 47
87 52 35 37 49 31 73 85 26 48 95 64 15 95 18 93 35 24 73 65 90 39 13 66 36 84 76 80 33 73 99 31 56 41 67 94 54 80 21 19 82 19 85 3 44 50 97 32 73 41
36 95 100 76 31 74 53 98 96 17 91 91 50 61 13 43 56 99 91 85 85 89 70 66 33 44 17 90 85 82 84 75 66 14 9 22 6 94 2 91 4 14 5 23 37 27 32 28 55 82
40 25 97 75 14 5 30 4 4 2 68 85 75 42 11 38 41 65 72 10 43 99 73 66 94 97 31 68 74 77 93 21 14 90 13 8 29 95 88 36 31 7 31 27 46 84 98 57 45 34
50 67 79 93 44 94 39 41 40 11 6 25 40 92 15 93 54 12 18 84 90 67 20 21 17 71 73 36 15 27 97 85 53 35 24 54 70 83 86 50 21 67 1 78 96 53 55 22 25 98
20 79 29 44 87 57 62 23 56 16 8 62 94 86 24 55 95 43 39 91 55 6 94 26 99 62 100 54 89 48 71 73 16 11 76 57 75 23 85 60 10 56 39 93 98 46 30 2 59 57
7 51 10 41 46 82 71 63 99 10 1 39 67 11 2 26 41 65 50 95 60 94 39 92 20 91 23 32 91 73 6 56 43 90 64 93 73 82 5 65 7 24 81 49 5 47 52 47 80 74
8 85 54 82 23 25 42 83 6 61 84 33 1 17 80 13 19 66 35 52 13 41 21 52 3 42 81 40 3 53 100 11 32 75 35 34 79 6 55 93 96 48 64 22 30 97 6 51 52 73
21 21 67 98 48 96 3 90 64 46 82 69 27 57 92 42 17 85 27 36 44 4 65 100 48 74 39 99 39 13 68 52 15 83 78 91 15 85 76 53 41 96 20 21 16 72 16 17 95 9
66 79 62 63 7 20 97 45 39 29 49 37 79 77 41 13 61 59 79 61 67 84 49 26 43 51 14 73 63 57 35 85 58 92 49 77 70 56 70 46 41 80 68 60 15 34 80 3 61 18
77 33 46 100 29 91 87 29 92 31 54 58 81 41 45 19 28 59 91 65 45 61 21 14 48 89 16 53 82 13 41 92 49 39 22 16 18 13 34 75 28 96 14 84 61 24 34 79 18 57
7 79 51 93 79 14 84 86 36 89 26 60 44 92 52 66 62 74 55 38 44 83 1 88 67 44 3 67 97 39 73 10 32 48 3 78 74 31 9 45 48 39 96 54 51 18 71 96 35 53
58 44 28 23 27 42 5 18 35 10 88 33 82 59 39 50 3 92 31 42 15 81 84 92 50 56 10 85 37 28 35 83 81 65 54 93 9 70 7 97 93 15 43 44 18 85 7 30 30 44
71 76 99 54 3 12 95 46 2 23 44 8 6 37 2 80 79 65 2 89 7 31 77 5 49 99 67 51 29 58 71 87 46 68 98 57 98 23 17 84 96 83 78 11 54 12 58 21 44 11
3 99 80 7 39 44 16 66 66 76 14 59 20 80 22 6 2 17 10 10 69 59 78 29 82 79 94 84 31 30 99 81 82 97 53 83 6 27 53 71 64 4 97 67 87 26 90 72 60 90
83 78 37 84 16 42 12 95 67 46 70 49 17 14 7 100 72 81 74 25 58 66 33 45 24 18 34 50 91 34 44 2 48 43 75 63 58 71 37 28 14 32 60 1 8 44 13 66 28 27
30 25 62 5 32 76 45 59 29 26 1 35 35 86 33 93 47 26 43 37 28 58 32 92 95 4 3 17 81 85 16 96 24 29 28 2 1 36 85 23 34 11 14 93 50 30 92 28 89 1
75 83 28 81 78 12 46 99 80 53 77 42 14 50 97 5 4 69 69 26 74 19 29 93 51 87 24 45 76 59 61 57 7 49 75 50 60 21 20 60 40 94 86 17 21 46 17 24 93 47
14 94 51 55 30 60 78 86 44 71 31 80 81 71 94 58 46 90 38 60 40 16 24 40 39 15 70 42 49 42 23 9 68 78 69 98 99 26 96 21 38 53 39 48 14 84 46 93 53 69
43 13 7 38 4 93 45 63 31 39 47 22 2 73 98 64 84 17 3 3 43 30 54 85 23 73 49 77 59 19 31 47 48 55 13 9 53 44 20 15 43 57 30 35 78 60 91 46 57 89
17 69 95 89 62 64 33 67 96 95 84 85 48 78 69 22 30 51 75 53 38 95 25 92 63 24 88 5 86 11 66 90 10 31 46 42 84 61 81 33 95 69 50 36 63 51 43 13 80 60
28 76 8 13 53 84 87 23 57 33 58 92 9 8 63 82 2 74 46 32 24 71 31 87 39 15 23 3 73 71 77 2 1 13 80 87 11 94 93 91 43 1 7 85 30 39 69 70 32 66
97 33 43 11 60 18 94 54 45 15 77 80 27 71 37 10 64 58 52 84 33 86 25 95 80 49 75 2 32 42 35 72 13 20 61 15 13 48 29 86 51 46 73 20 34 93 91 30 94 75
90 33 76 13 95 70 95 44 55 58 83 49 73 39 95 1 19 51 24 77 58 77 97 35 100 24 47 93 86 90 51 17 96 38 22 56 31 100 2 4 1 78 82 18 95 22 38 43 75 28
80 28 70 21 89 30 13 51 7 68 87 46 69 97 68 99 29 97 9 95 42 79 84 30 40 31 42 65 55 74 99 19 85 37 41 23 98 42 100 69 59 72 56 16 85 14 32 95 99 41
24 27 40 60 21 13 22 60 36 62 99 22 31 45 17 90 6 70 90 47 31 40 22 85 93 55 79 90 65 71 4 62 95 74 93 26 39 6 52 85 15 61 8 3 72 92 65 18 37 3
42 53 8 44 98 84 13 25 59 45 59 9 26 21 31 99 1 88 63 54 13 1 36 82 67 36 75 86 75 98 27 65 48 87 46 41 85 45 57 25 64 57 9 16 84 21 47 83 95 44
37 82 48 96 1 6 42 89 61 9 18 64 90 43 78 69 19 30 47 61 43 96 32 57 22 86 34 51 68 87 88 73 6 82 20 58 2 40 63 28 52 69 37 82 75 46 97 74 17 87
46 29 62 25 92 23 92 59 10 60 13 5 39 69 43 20 84 26 64 79 71 92 69 54 45 70 10 95 53 23 45 14 88 5 36 74 90 44 18 90 12 92 66 31 17 52 23 61 59 78
74 42 31 94 37 41 93 48 20 48 95 79 73 13 44 59 23 11 92 68 62 16 24 30 44 52 1 2 20 33 34 50 81 60 94 25 17 56 82 82 3 23 42 15 68 19 22 97 37 43
83 40 81 10 44 8 4 80 64 16 15 91 5 66 19 19 55 30 17 73 45 92 84 52 77 16 35 76 8 47 41 18 62 3 1 44 20 69 28 76 51 75 10 29 98 89 37 90 93 32
12 37 8 44 8 100 98 16 84 38 82 98 38 72 85 69 57 82 18 72 88 83 15 13 28 80 90 38 76 52 46 47 65 2 62 41 29 79 20 85 74 9 62 16 62 16 92 72 5 69
20 4 1 63 99 10 5 82 5 21 12 23 8 48 75 47 69 50 73 12 94 73 63 33 88 64 16 47 12 56 68 7 77 62 30 51 28 75 76 56 53 98 16 27 53 84 34 68 38 37
14 10 36 77 69 16 29 62 97 52 42 2 42 84 77 63 37 22 89 91 68 40 57 12 3 30 24 41 33 14 2 48 18 10 49 1 9 65 90 10 38 97 68 61 83 18 60 62 44 89
100 64 39 53 97 98 53 12 1 15 46 95 54 94 19 41 54 7 52 38 49 34 56 36 99 42 30 27 95 78 72 16 98 55 27 5 99 6 65 49 18 14 52 70 19 34 11 52 96 77


62 58
46 55 3 36 64 5 89 82 98 79 1 39 79 78 50 50 91 99 100 55 70 70 62 100 51 30 49 34 87 95 1 15 61 1 66 20 20 51 66 31 80 34 56 58 48 61 32 22 60 15 71 89 9 98 64 50 25 39 22 60 12 90
56 5 62 40 16 85 89 72 7 69 29 6 45 66 68 69 17 84 96 70 98 95 90 73 80 18 35 87 30 52 53 24 69 93 37 76 79 46 44 4 26 16 81 66 10 50 16 19 37 51 80 58 37 34 3 93 19 38 11 7 84 97
75 11 54 76 35 9 73 98 76 69 35 78 3 39 64 64 6 11 16 48 61 18 30 23 40 90 58 55 53 68 98 88 73 65 84 78 40 81 23 76 75 13 75 38 53 32 30 65 36 20 92 27 90 63 19 77 19 86 45 58 1 42
48 29 4 34 86 92 26 37 100 61 26 96 99 93 79 64 63 58 34 3 9 77 61 18 42 68 35 13 15 55 81 62 65 87 89 34 12 69 86 45 28 27 7 30 24 59 8 76 80 66 96 92 37 94 42 82 92 98 60 58 7 96
74 49 93 21 48 43 79 27 80 23 25 49 4 49 51 93 61 60 83 8 77 4 22 2 47 31 15 14 13 75 84 45 4 70 2 77 4 11 45 68 7 83 18 5 22 34 51 75 50 100 75 80 8 7 37 31 4 7 61 19 47 53
73 68 8 72 79 84 85 19 19 13 51 72 11 99 55 87 16 21 89 15 84 51 99 65 76 25 80 44 73 52 76 59 87 61 39 18 17 65 33 73 98 73 20 26 25 46 96 37 14 19 89 9 28 6 11 22 34 77 88 100 4 93
50 38 21 85 14 88 99 48 99 95 71 4 84 61 65 13 39 35 84 50 53 58 65 96 28 64 34 79 81 50 70 60 41 23 2 14 16 67 19 98 39 20 52 59 2 28 10 52 100 12 89 88 91 15 100 35 39 38 5 12 69 78
59 66 5 33 65 19 72 36 82 23 87 31 26 35 79 97 53 38 25 35 4 60 87 62 40 77 63 57 54 80 55 61 8 48 44 92 55 37 78 20 31 96 23 11 72 6 81 86 39 47 13 83 31 22 30 23 26 84 92 76 75 94
59 70 1 16 60 58 59 48 74 46 36 73 51 77 95 15 4 86 70 59 100 82 5 79 80 21 7 32 56 53 40 54 88 27 25 58 36 73 32 82 56 12 37 66 10 93 48 31 79 61 37 88 88 46 68 26 31 71 75 85 60 48
38 94 16 9 92 84 11 3 41 54 17 12 87 57 92 18 1 17 34 41 23 42 54 100 59 49 82 40 89 58 76 61 11 71 22 34 96 61 24 49 32 71 95 44 45 57 81 18 14 65 71 17 8 67 21 7 79 78 76 33 73 24
25 35 94 25 95 94 98 34 67 35 92 94 17 72 2 88 35 66 87 86 92 23 69 60 53 82 7 54 8 76 64 83 100 77 19 16 51 45 83 3 27 1 33 20 53 51 3 49 5 94 24 77 67 66 3 75 83 25 1 95 90 74
26 88 76 28 52 47 71 72 7 62 26 23 63 73 93 71 62 55 6 82 66 15 88 2 53 48 77 3 94 70 99 5 69 5 8 17 70 96 23 15 57 98 23 33 27 76 4 43 86 4 2 92 57 18 17 30 74 70 76 79 96 28
100 74 6 22 87 9 7 42 81 56 29 91 72 100 81 84 72 21 36 3 71 57 40 89 18 43 67 1 13 7 43 66 29 64 43 36 65 19 95 99 41 12 43 34 95 19 79 81 41 79 85 40 47 2 84 62 95 11 11 95 71 35
11 85 82 39 33 10 1 62 84 63 78 44 80 76 69 85 56 15 68 38 45 87 7 56 22 36 45 86 34 26 80 69 13 49 62 67 33 82 3 62 64 34 75 68 54 100 67 48 86 53 24 33 21 45 51 9 68 70 85 56 37 22
79 21 53 76 93 29 76 40 82 74 24 82 66 73 66 69 53 96 85 100 60 23 12 77 72 52 80 6 47 98 71 1 87 78 49 6 78 51 52 85 100 49 24 36 31 62 84 5 14 83 20 19 100 20 79 8 6 30 100 43 46 7
2 50 14 88 33 25 82 86 41 53 22 44 73 74 58 19 19 32 52 91 32 42 7 89 65 24 72 35 41 85 10 35 49 64 28 40 14 62 7 56 86 23 97 54 18 8 64 79 99 43 15 76 62 81 95 2 57 26 24 28 85 43
13 77 40 40 54 87 100 70 92 31 83 58 73 76 94 4 82 39 25 69 11 32 14 55 28 75 20 14 23 68 67 55 24 70 74 16 4 63 96 27 99 14 53 43 98 19 21 45 35 78 21 47 9 9 20 75 66 34 47 40 50 31
32 93 27 58 17 73 21 87 35 30 4 55 88 10 70 66 97 23 19 33 15 88 37 44 10 31 1 42 57 70 60 77 27 2 28 28 17 63 38 57 28 40 39 94 81 9 44 88 39 26 50 54 99 41 88 84 49 23 26 4 60 7
83 5 80 12 14 60 69 71 69 76 4 12 46 44 73 86 47 77 9 51 74 11 54 56 84 21 20 31 75 98 67 93 64 10 68 28 76 50 85 19 93 66 57 62 12 48 28 10 14 22 57 48 36 57 83 22 10 28 84 30 88 34
72 2 3 72 33 42 88 23 81 32 32 100 29 8 8 27 47 8 60 10 58 52 84 57 17 67 57 53 75 18 23 73 28 25 38 86 43 3 31 45 76 70 1 94 84 6 93 92 82 8 77 50 12 100 86 8 51 98 85 20 24 71
96 59 79 22 56 2 44 8 24 86 43 32 77 7 63 29 33 80 69 5 10 80 32 61 10 72 78 85 1 22 83 61 37 14 59 90 80 3 4 49 100 21 80 88 25 70 2 15 24 8 33 89 16 1 87 27 18 12 37 62 90 70
83 78 58 72 25 63 23 40 25 19 46 42 33 1 88 64 12 15 98 10 98 30 62 95 2 59 1 1 44 93 16 9 100 22 6 80 24 71 22 96 44 4 48 11 48 71 13 95 30 25 16 99 11 4 55 66 44 96 13 20 57 86
42 61 22 32 54 31 68 69 44 39 15 9 29 47 59 60 43 89 46 65 89 57 56 73 87 22 4 88 44 41 35 85 21 58 97 92 56 92 62 76 15 83 73 77 56 73 43 40 41 54 84 25 15 61 47 81 10 67 14 68 50 77
82 55 94 93 83 97 89 95 66 87 50 90 75 8 26 51 54 58 70 74 56 40 29 72 16 100 18 60 18 85 38 6 36 1 78 47 29 84 40 34 67 82 55 81 35 32 94 30 71 86 38 26 38 96 36 43 64 90 28 50 74 37
53 58 22 13 6 35 2 79 68 86 64 50 7 99 87 66 8 25 54 92 4 68 44 94 4 33 50 84 20 54 43 95 91 57 99 92 24 16 48 66 74 70 19 100 16 87 77 36 25 90 73 12 59 57 45 49 21 95 97 25 76 54
58 16 85 83 43 29 11 64 97 95 11 36 51 96 15 15 63 37 63 31 68 66 76 66 74 17 68 25 11 41 45 12 65 25 1 1 1 60 53 100 21 34 60 50 80 64 89 73 100 38 90 45 90 72 58 29 15 60 89 44 25 68
56 47 70 28 65 94 42 23 40 46 35 28 89 96 32 72 87 19 39 71 71 43 2 18 24 60 50 70 96 93 86 61 45 67 35 10 98 65 44 14 45 46 74 45 67 63 27 50 45 45 50 41 39 44 81 5 38 59 99 82 7 52
98 40 62 29 28 52 3 76 99 36 70 10 8 13 54 50 83 61 51 21 66 68 96 78 69 11 86 89 90 11 20 84 84 16 70 84 44 63 57 16 25 56 9 30 52 32 17 56 49 56 69 45 39 86 4 7 98 61 74 15 45 86
40 45 51 38 16 38 79 40 16 98 41 34 8 4 59 85 35 100 12 95 27 75 49 6 90 70 35 49 5 68 64 7 78 4 65 36 50 82 29 60 19 6 86 1 94 79 52 8 40 36 2 1 41 66 19 30 35 35 80 86 97 55
1 78 99 1 100 21 20 89 93 15 78 84 90 11 8 16 97 69 50 88 17 67 63 39 40 31 39 10 19 82 85 62 75 75 71 18 41 39 18 54 19 55 22 35 68 21 1 70 6 29 16 81 67 35 87 87 69 25 71 47 47 28
4 55 95 11 45 46 57 2 2 43 59 14 50 64 23 52 99 32 97 56 25 11 40 33 35 64 35 99 34 66 58 20 12 36 4 77 25 70 29 71 12 36 67 95 98 75 47 10 70 19 59 9 40 5 28 7 70 21 9 56 96 48
8 17 2 15 15 25 16 5 75 49 47 91 20 61 17 6 11 63 67 25 90 32 12 87 26 38 16 3 84 26 64 63 34 9 44 76 86 29 36 97 28 3 59 30 50 28 14 100 51 57 90 45 11 6 60 80 20 31 39 45 65 79
53 24 7 46 94 35 91 48 42 14 81 16 92 21 76 31 76 72 73 75 27 88 37 12 32 73 64 43 31 5 45 23 6 74 72 9 48 15 85 73 50 56 2 20 71 98 41 53 80 89 62 19 29 77 8 45 79 100 70 50 53 95
74 47 93 43 80 88 16 59 67 27 77 14 94 30 38 97 39 9 51 63 27 38 27 32 13 10 20 53 66 75 70 20 32 72 96 65 3 52 59 62 96 66 22 44 88 44 74 89 66 92 22 10 57 91 81 91 82 96 66 47 20 63
5 92 2 97 83 25 96 77 4 55 57 59 68 7 87 75 89 63 99 44 21 96 61 24 13 11 64 12 33 12 8 16 54 44 34 32 96 48 27 19 40 67 34 81 4 72 17 25 54 6 3 47 81 83 77 30 26 21 87 10 94 58
27 49 13 30 53 27 27 52 42 38 98 93 95 8 29 78 77 53 75 43 68 35 51 74 43 43 16 65 57 62 15 30 85 91 19 71 21 99 2 87 66 8 92 32 20 31 95 93 15 92 87 55 67 90 25 65 33 47 51 28 84 25
30 34 73 80 18 9 30 61 62 10 24 16 56 97 81 48 58 50 20 34 90 13 49 53 98 60 11 36 34 11 68 99 49 13 55 49 18 61 11 56 31 43 93 14 72 73 33 80 21 66 80 44 38 81 83 29 100 98 93 93 71 92
92 5 68 8 53 68 67 26 62 96 97 91 97 46 12 70 82 87 46 53 14 14 39 22 37 28 3 61 64 64 30 59 12 28 26 27 62 47 31 64 61 38 33 22 34 2 59 52 34 31 62 69 38 96 93 76 81 36 83 33 38 76
45 80 40 47 44 23 80 35 11 86 6 87 46 26 17 56 91 86 45 27 26 62 61 1 46 35 80 18 58 48 14 97 59 4 54 16 63 65 93 99 85 5 52 42 63 98 75 49 26 73 42 83 88 37 98 4 37 43 16 69 24 19
11 94 24 65 6 2 42 99 7 19 21 84 29 14 27 27 16 52 39 33 86 35 91 70 93 36 96 28 52 41 33 48 78 24 77 38 82 33 50 30 29 64 78 50 39 95 30 96 65 87 51 5 80 60 55 67 87 30 35 23 47 72
56 62 82 18 87 30 85 76 25 50 6 12 55 77 76 18 51 86 16 22 69 78 7 30 7 14 7 73 65 86 6 46 54 84 13 22 39 6 88 3 2 28 99 21 19 51 15 56 77 39 89 20 54 71 85 5 74 61 87 56 28 13
8 23 17 3 30 74 64 81 62 70 3 34 77 4 76 54 92 31 15 95 76 80 45 98 32 67 52 51 67 43 32 61 64 10 14 15 56 57 76 57 68 81 85 64 28 83 21 42 1 39 82 66 52 87 23 72 69 8 27 10 82 30
40 29 66 75 51 79 14 42 61 38 7 33 36 78 52 86 4 93 86 25 5 58 5 70 23 72 42 93 46 100 13 13 44 88 58 40 56 67 36 44 53 28 83 17 89 45 84 14 63 89 28 59 30 100 68 100 66 92 18 60 56 64
10 68 10 75 72 86 90 94 24 58 63 13 18 52 24 14 10 68 44 29 6 55 52 5 96 61 86 68 68 78 41 36 25 26 40 27 6 8 93 3 91 7 31 12 44 21 68 79 100 99 64 62 90 53 100 72 51 43 38 88 58 30
98 13 81 58 47 82 15 26 31 55 15 91 80 4 39 62 24 18 53 61 82 49 18 86 24 19 91 64 67 97 100 86 55 81 10 69 51 96 64 57 34 76 20 66 8 27 99 28 99 37 36 68 67 32 2 81 91 63 73 49 78 4
3 31 77 55 77 64 43 62 8 79 65 29 73 89 18 63 36 12 82 76 47 5 97 5 32 95 28 69 68 71 91 89 15 91 57 76 57 40 53 9 58 23 34 97 67 46 64 41 94 99 42 63 43 75 32 66 37 24 42 32 54 80
5 31 87 1 7 30 1 61 74 58 91 69 44 21 56 41 98 86 57 30 22 93 48 29 93 26 60 6 49 24 55 57 45 18 36 98 55 4 7 70 93 40 87 30 88 55 6 16 85 42 55 7 36 63 23 93 76 100 1 79 39 74
1 71 79 99 33 77 94 29 10 98 59 81 95 43 53 11 9 66 16 62 60 93 89 78 50 99 12 50 2 27 53 99 71 87 60 48 89 62 98 67 79 60 12 8 27 21 46 62 33 31 12 88 16 44 84 61 85 15 80 58 61 89
50 52 54 13 56 27 47 2 15 40 65 34 5 16 67 46 77 100 11 100 51 81 24 25 42 84 36 71 12 43 63 78 38 88 42 97 10 95 50 48 24 66 37 94 53 62 30 52 3 27 19 9 66 14 9 61 30 24 21 38 71 37
56 80 55 51 81 55 53 56 1 51 89 66 20 76 86 79 88 73 60 28 65 44 50 24 26 45 8 3 74 54 91 25 92 43 9 63 43 1 19 16 12 87 31 9 87 30 27 77 1 44 57 86 96 16 40 97 13 38 92 43 93 25
43 17 45 43 21 51 13 26 35 3 45 67 46 69 12 51 59 82 100 31 62 4 100 63 41 94 71 45 85 27 27 20 92 83 69 85 14 58 36 43 78 49 60 94 26 3 97 51 63 34 58 81 14 39 64 54 76 89 28 26 14 89
56 36 6 73 1 99 27 62 32 60 99 6 81 31 57 66 97 46 100 48 50 41 46 85 71 8 1 74 30 19 20 18 30 59 70 54 28 67 2 95 19 31 98 41 70 96 53 29 22 58 98 96 58 56 56 23 7 12 71 30 96 10
39 49 100 19 58 38 44 73 34 90 11 48 11 47 10 97 89 30 75 14 60 75 77 67 47 91 28 46 75 92 5 65 67 95 25 99 51 62 88 64 20 55 79 63 90 51 38 66 20 18 16 25 76 23 15 67 71 71 28 73 9 95
30 49 43 88 38 39 73 57 6 88 87 41 84 49 74 50 37 39 85 45 13 10 39 54 28 34 74 55 19 74 56 77 51 64 17 84 29 44 46 64 51 77 72 49 43 82 31 58 22 53 24 63 6 91 33 23 57 75 27 52 61 18
27 76 83 82 23 33 22 97 67 12 87 100 81 45 50 62 78 69 53 55 74 67 39 1 85 84 99 17 87 33 71 86 11 71 43 79 5 47 100 17 6 13 2 90 78 32 25 2 10 22 24 70 78 86 74 66 18 97 12 70 1 58
94 6 22 2 13 67 85 4 45 58 23 91 99 100 91 8 70 92 82 76 54 59 60 36 79 24 51 52 80 92 32 31 43 55 86 54 95 69 98 58 53 5 69 54 98 39 93 75 8 21 27 29 39 64 16 10 94 52 97 12 59 12
74 5 27 68 72 80 20 7 17 28 87 33 80 38 54 74 22 70 26 96 18 88 35 28 80 81 47 94 54 87 17 93 71 50 95 95 74 45 75 53 3 7 74 37 89 89 16 24 62 58 24 69 53 55 59 57 52 29 77 45 1 63
51 13 18 21 56 98 37 20 1 28 17 99 33 6 38 13 88 4 53 80 85 29 13 31 14 88 70 5 46 69 47 42 78 57 26 28 56 28 40 33 95 90 33 12 99 34 13 56 65 92 36 72 71 57 10 75 83 21 57 23 15 42
41 54 87 8 81 6 14 10 42 96 29 38 8 22 86 56 83 14 21 92 4 63 95 81 46 62 38 61 49 20 20 20 22 13 31 3 81 2 29 49 53 41 5 84 52 8 16 44 53 8 21 89 19 93 91 62 98 13 10 41 31 50
49 17 1 22 67 27 65 94 19 12 33 74 86 93 69 17 44 46 32 4 70 6 69 51 84 76 71 78 51 60 72 95 62 14 79 13 26 30 81 29 45 100 91 31 67 25 14 36 10 74 90 47 84 88 38 100 68 96 1 38 33 59
29 32 17 29 2 36 19 54 13 1 14 93 23 1 62 89 34 78 77 2 24 59 80 40 20 67 57 22 20 95 48 40 32 36 54 68 20 82 58 15 27 49 45 13 74 54 61 30 46 97 78 36 84 29 91 19 77 67 46 67 21 11
4 13 25 39 17 50 73 78 94 64 56 72 77 84 44 94 3 59 17 21 44 33 55 3 100 14 96 25 92 73 51 89 37 90 91 15 99 66 25 35 82 2 23 56 60 73 61 35 99 75 23 54 10 88 81 1 52 49 40 54 51 36


40 79
73 100 26 2 89 38 81 24 78 81 10 67 30 23 37 28 98 3 40 82 89 68 75 93 30 81 52 26 74 81 37 33 12 15 84 17 96 16 50 86
24 26 46 98 26 69 39 2 80 4 41 24 76 32 62 44 5 95 63 1 91 88 14 63 55 61 43 22 24 58 83 35 79 28 28 20 65 5 37 95
34 31 32 84 61 57 74 29 34 96 92 81 72 19 86 53 97 52 76 23 86 21 70 53 21 73 9 20 74 15 13 80 42 12 34 9 25 60 56 35
8 42 6 84 26 1 65 49 31 71 96 87 24 47 82 3 15 51 33 18 25 37 53 23 55 24 18 61 5 93 95 42 83 81 22 55 93 58 43 49
44 96 62 66 1 83 53 55 95 97 28 26 52 81 98 59 26 17 68 51 27 32 49 96 5 87 96 89 4 75 68 16 87 57 83 9 26 20 78 92
73 97 15 24 80 99 35 41 40 59 17 15 57 48 16 20 53 30 45 36 89 100 41 56 28 55 92 62 88 67 8 62 4 47 94 28 36 14 34 31
29 91 87 19 83 3 70 87 59 48 8 59 44 9 70 28 36 18 95 9 22 28 97 48 16 92 80 51 5 60 42 44 3 14 73 74 83 79 55 80
58 40 65 60 67 91 3 35 12 57 14 39 19 52 51 70 71 30 80 38 10 58 85 33 89 93 87 80 52 96 17 6 56 25 34 70 3 12 32 45
5 75 82 4 72 81 84 8 97 90 66 77 35 2 64 72 95 39 5 70 34 51 33 58 45 19 16 32 54 5 53 48 8 15 92 85 97 93 59 7
4 10 89 1 35 77 59 76 73 29 20 84 35 42 62 97 85 80 28 48 37 25 46 91 91 33 13 26 17 7 39 9 72 59 30 85 10 20 33 58
47 33 86 48 21 38 96 8 70 71 95 23 86 14 50 66 86 7 52 73 96 88 85 59 38 31 7 79 79 44 58 31 56 11 98 77 95 73 43 43
58 94 52 70 95 91 84 43 93 28 47 23 67 84 7 6 57 14 97 20 96 6 42 79 43 8 66 88 40 12 90 65 15 67 30 35 78 97 58 26
45 8 19 77 15 63 7 43 83 88 4 80 85 70 80 12 87 42 35 8 78 24 61 56 72 17 90 72 90 31 71 64 8 27 4 30 17 61 70 93
27 35 24 2 19 95 4 1 38 58 97 55 26 18 59 15 17 56 1 16 60 57 84 75 100 15 94 70 64 95 75 12 46 5 24 72 72 57 52 72
15 27 46 56 86 22 5 5 63 87 15 75 44 69 83 53 2 25 64 44 6 54 98 15 71 49 8 40 44 12 72 96 33 45 87 83 62 59 25 1
34 31 59 2 7 70 75 39 77 93 58 87 57 98 43 78 98 70 31 79 10 50 65 98 21 38 59 6 91 100 97 31 24 18 41 98 17 79 22 83
68 47 7 87 29 41 76 92 34 21 35 74 9 6 18 35 23 12 53 97 25 61 98 4 38 11 95 46 59 40 66 92 30 11 55 39 84 55 72 17
59 61 55 32 93 62 6 26 100 98 97 3 60 59 74 58 82 76 25 80 23 100 9 95 5 8 92 16 23 13 52 22 29 26 35 54 50 34 76 49
32 46 19 62 87 55 65 91 52 54 49 26 59 61 59 94 28 87 41 49 77 98 86 54 12 94 65 33 100 40 43 93 70 75 63 11 95 46 5 37
34 75 9 70 30 79 43 66 50 80 67 58 89 23 1 20 98 45 23 13 67 26 83 36 7 39 22 62 81 61 76 69 42 23 85 98 11 94 19 22
51 65 64 62 78 62 73 39 12 65 43 64 21 13 17 6 76 90 72 60 67 36 7 37 44 21 87 12 75 53 43 76 23 19 27 91 79 62 24 27
74 51 43 66 33 80 21 54 93 53 87 2 70 88 47 71 74 12 84 93 49 7 6 7 17 18 75 28 81 88 46 1 87 67 92 41 95 72 8 1
25 27 96 45 22 99 69 55 50 40 47 97 37 13 46 6 94 82 58 91 64 11 27 24 18 100 74 68 52 75 7 47 14 9 14 52 29 40 83 41
40 59 10 95 60 43 88 68 17 42 36 95 6 8 79 9 70 55 57 52 92 54 95 59 62 33 16 88 92 94 80 52 95 3 24 19 57 67 26 31
89 36 57 57 4 3 95 56 56 23 20 21 41 27 15 63 83 59 80 59 26 46 14 8 39 8 59 98 95 52 46 20 96 45 80 68 29 42 85 61
47 60 20 84 53 54 70 14 86 77 80 74 88 48 2 70 17 28 55 8 58 15 68 42 93 4 7 1 78 28 54 60 90 96 62 78 58 30 33 8
43 74 81 52 74 55 78 9 56 84 82 87 55 21 15 59 5 59 48 98 50 11 54 63 27 40 62 36 77 52 82 54 57 29 43 72 98 26 29 96
20 97 92 66 15 74 77 53 99 69 33 13 76 68 98 84 47 96 59 7 29 5 58 79 7 47 91 46 17 1 27 62 37 24 43 100 66 9 82 77
33 24 3 90 63 59 27 10 74 58 54 74 22 79 29 24 11 22 71 52 91 67 82 40 14 15 84 64 32 76 38 25 31 30 34 76 84 40 29 78
27 12 4 18 21 96 56 87 29 5 78 77 45 51 8 5 90 98 26 31 42 83 42 87 100 8 40 35 6 50 43 87 48 5 91 9 85 47 83 60
31 26 65 78 6 7 94 3 2 57 85 2 86 100 87 100 100 86 84 72 66 79 83 34 95 71 7 93 44 36 18 45 34 52 23 9 85 59 19 2
36 43 14 99 43 37 38 43 46 79 76 67 88 19 3 68 81 77 22 31 89 44 54 85 17 39 73 12 16 74 92 47 32 38 33 92 22 3 45 19
13 55 37 57 6 7 80 88 67 12 99 31 36 42 52 85 89 83 27 53 18 40 3 34 94 1 61 20 82 16 44 18 30 29 77 53 22 90 37 29
22 40 93 14 83 83 28 46 53 13 3 23 26 6 56 90 96 73 90 73 73 7 48 30 89 57 72 66 91 50 47 26 30 47 87 80 76 96 27 4
81 15 85 74 48 46 6 65 56 45 69 54 53 99 28 82 3 33 17 95 26 93 88 48 71 98 53 4 63 58 77 99 47 10 59 32 70 61 74 72
68 53 62 38 38 20 69 27 34 44 35 1 62 24 92 55 18 95 32 94 59 1 32 6 28 28 90 80 65 90 78 58 52 66 40 91 90 40 90 87
7 4 22 70 3 40 70 47 16 72 3 62 85 53 14 54 21 60 96 77 98 74 9 61 16 3 54 54 73 43 49 40 29 56 40 17 36 72 20 92
61 89 42 35 94 3 66 20 48 2 33 19 40 73 100 60 45 19 3 71 56 62 27 49 2 80 9 75 72 1 7 34 48 35 88 3 59 26 12 97
9 33 46 73 26 22 1 31 75 63 43 77 33 51 29 45 96 72 79 9 15 93 78 40 60 49 92 64 91 37 9 15 32 94 35 80 56 27 79 56
91 48 90 92 42 65 28 38 9 27 84 5 69 31 67 56 53 81 98 56 36 26 98 100 73 78 65 29 65 65 75 76 52 55 22 83 38 14 12 12


17 60
1 5 3 81 57 6 75 19 94 43 52 29 93 92 87 75 30
41 40 35 43 71 6 36 41 92 84 96 44 9 95 27 6 3
57 13 91 46 47 74 70 41 42 43 24 93 71 5 74 37 97
75 8 54 11 14 10 10 100 94 16 41 72 17 91 67 74 76
97 68 82 19 16 11 21 23 80 27 35 98 46 48 72 22 94
33 4 87 12 57 18 77 91 44 4 2 85 34 53 77 60 93
96 48 10 64 21 57 97 37 89 31 45 95 99 49 61 27 70
64 28 79 15 78 38 29 54 71 1 74 5 22 90 74 2 90
41 70 41 1 16 66 72 59 33 59 46 32 99 59 57 48 49
9 40 65 100 36 79 12 99 25 89 30 77 60 64 77 68 70
87 18 76 22 23 70 41 82 47 77 21 37 81 83 13 92 93
30 67 30 99 10 65 67 91 44 71 23 45 37 67 87 54 73
78 98 56 50 97 50 43 24 76 78 68 70 44 61 29 52 15
16 53 41 62 99 53 87 44 28 97 64 36 47 75 1 10 78
95 94 88 81 90 78 9 40 33 100 47 73 58 51 11 31 78
97 67 32 90 42 99 54 30 18 12 81 94 27 49 74 76 93
79 80 82 33 42 95 2 6 9 19 36 27 27 64 8 27 55


