6 180465942932367902
0 0 1 1 1 1
0 0 0 1 0 0
0 1 1 0 0 1
1 1 0 0 1 0
0 0 1 1 0 1
1 0 1 1 0 1

42 133120768284194591
0 0 0 1 1 1 0 1 0 1 0 0 0 0 0 0 1 1 1 0 0 1 0 0 0 0 0 1 0 1 1 0 1 0 1 0 0 1 1 1 0 1
1 0 0 0 0 0 0 0 1 0 1 1 0 0 0 1 0 1 1 1 0 1 0 0 1 1 1 1 1 1 0 1 1 0 0 1 1 0 1 0 1 1
0 0 0 1 0 0 1 0 1 1 0 1 0 1 0 0 0 1 0 1 0 0 0 0 0 0 1 0 0 1 0 1 0 1 1 0 0 0 0 1 0 1
1 1 1 1 1 0 1 0 1 1 1 0 0 0 0 0 0 0 1 1 0 0 0 0 1 0 0 1 1 1 1 1 0 0 0 0 1 1 1 0 1 0
1 0 0 0 0 1 0 1 0 0 1 0 1 0 1 1 1 0 1 0 1 0 1 0 1 1 1 1 1 1 1 0 1 0 0 1 1 0 1 1 0 1
0 1 0 1 0 1 0 0 1 0 1 0 0 1 0 0 1 0 1 1 1 0 1 0 0 0 1 0 0 0 1 0 1 0 1 1 1 1 1 0 1 0
0 1 1 1 1 0 0 0 1 0 0 0 0 0 1 1 0 1 1 0 1 0 1 0 0 0 0 1 0 1 1 0 1 0 0 0 1 1 1 1 1 0
0 0 0 0 1 1 0 0 1 0 0 0 0 0 1 1 1 1 1 1 0 0 0 0 0 1 1 1 0 1 0 1 0 1 1 0 1 0 0 1 0 1
1 1 1 1 1 1 1 1 0 0 1 1 0 0 1 1 1 0 1 0 1 1 1 0 1 0 0 1 1 0 1 1 1 0 1 1 0 1 0 0 0 1
0 0 0 1 0 0 1 0 1 1 0 1 1 1 1 1 1 0 0 0 1 1 0 0 0 0 1 1 1 1 1 0 0 1 0 0 0 0 1 0 0 0
0 0 1 1 0 1 1 0 0 0 0 0 1 1 0 1 1 1 0 1 0 1 1 0 1 0 1 0 0 1 0 1 1 0 0 0 0 1 1 0 0 0
1 1 0 1 0 1 1 1 0 0 1 0 0 1 0 1 1 0 1 0 1 1 0 1 0 0 0 1 1 1 1 1 0 1 1 0 1 1 1 1 0 1
1 1 1 0 0 0 0 0 0 1 1 0 1 0 0 0 0 1 1 1 1 1 1 1 1 0 1 1 1 0 1 1 1 0 0 0 0 1 1 0 1 1
1 0 0 0 0 1 1 1 0 0 0 0 1 0 1 1 0 0 1 1 1 0 0 0 1 1 0 0 1 0 0 1 1 0 0 0 0 1 1 1 0 1
0 1 0 0 0 0 1 0 1 0 1 1 0 1 1 1 0 1 1 0 0 1 0 0 1 1 0 0 0 1 0 1 1 1 1 1 1 1 1 0 0 1
0 1 0 1 0 0 1 0 1 0 1 1 1 1 0 0 1 0 1 0 0 1 0 1 0 0 0 1 0 0 1 0 1 1 1 1 0 0 0 1 1 1
1 1 1 1 0 0 1 1 0 1 1 0 1 1 0 1 0 1 1 0 1 0 0 1 1 1 0 1 1 1 0 1 0 0 1 1 1 1 0 1 1 0
1 1 0 0 1 0 0 0 1 1 1 0 0 0 1 1 1 0 1 1 0 1 1 0 1 0 1 0 1 1 1 1 0 1 0 1 0 1 1 0 0 1
0 1 1 1 0 0 0 0 1 0 1 0 1 0 0 0 1 1 0 0 1 0 1 1 0 1 1 0 0 0 0 1 0 1 0 1 1 0 0 1 1 1
0 1 1 0 1 1 1 0 0 0 0 0 0 0 0 1 1 0 0 0 0 1 1 1 0 1 1 1 1 0 0 1 0 1 0 0 1 0 0 0 0 1
0 0 1 0 1 0 1 1 1 1 1 0 1 0 1 0 1 1 1 0 0 0 0 1 0 0 1 0 0 1 0 0 0 0 0 0 1 0 0 1 0 0
0 1 1 1 0 0 0 0 0 1 0 1 1 1 1 1 0 1 1 0 1 0 1 1 1 1 1 0 0 1 1 1 1 1 0 1 1 1 0 1 1 0
1 1 1 0 1 0 0 1 0 1 0 1 1 0 1 0 0 1 0 1 1 1 1 0 0 0 1 1 1 0 1 1 1 0 1 1 1 0 1 0 0 0
1 1 1 1 1 1 0 0 1 1 0 1 0 0 1 0 0 0 1 1 1 1 1 1 1 1 1 1 0 0 1 1 0 0 0 0 0 1 0 0 0 1
1 1 1 0 1 1 0 1 0 0 1 0 0 0 1 0 1 1 0 0 0 0 1 0 0 1 1 1 0 0 1 1 1 0 0 1 1 0 0 0 1 1
0 1 0 0 0 0 1 0 1 0 0 0 0 1 0 0 1 0 0 1 1 1 0 0 1 0 0 1 1 0 0 1 1 1 1 1 1 1 0 1 1 0
1 1 0 1 0 1 1 1 0 1 0 0 1 1 1 0 0 0 1 0 0 0 1 0 0 0 1 1 0 0 0 0 0 1 0 0 1 0 0 1 1 1
1 1 0 1 0 1 1 0 0 1 1 1 1 0 1 1 1 1 0 0 1 0 1 0 1 0 1 0 1 1 1 1 1 0 1 1 1 1 0 0 1 0
0 1 0 1 0 0 0 0 1 0 0 0 1 1 0 0 0 1 1 0 0 0 0 0 0 0 0 1 0 1 1 0 0 1 0 1 1 0 1 0 0 1
1 0 0 0 0 0 1 1 1 0 1 0 1 1 0 0 0 1 0 1 1 1 0 0 0 0 1 1 0 1 1 0 1 1 0 0 1 0 1 1 1 1
0 1 1 0 0 0 1 0 0 1 1 0 1 0 1 1 1 1 0 1 1 0 1 0 1 0 1 0 1 1 0 0 1 1 1 1 0 1 1 0 1 1
0 0 0 1 1 1 1 1 1 0 1 1 0 0 0 1 0 1 0 0 0 0 0 0 0 0 0 0 1 0 1 0 0 1 0 1 0 1 1 1 0 1
1 1 1 0 0 1 0 0 1 0 1 0 1 1 1 0 0 0 1 0 1 0 1 1 1 1 1 0 0 0 1 1 1 1 1 0 1 0 0 1 0 1
1 0 1 1 1 1 1 0 0 1 0 0 0 0 1 0 1 1 0 1 0 0 1 1 1 1 0 1 0 1 0 0 0 0 0 0 1 1 0 0 1 0
1 1 1 1 0 1 0 1 1 0 1 1 0 0 1 0 0 0 1 0 1 1 1 1 1 0 0 0 1 0 1 0 0 0 1 0 0 1 0 1 0 1
0 1 0 0 1 0 0 1 1 0 0 0 0 1 1 0 1 1 0 0 0 0 0 1 0 1 1 0 1 0 1 0 0 0 1 0 1 1 0 0 1 1
1 0 0 0 0 0 0 1 0 1 0 0 0 0 0 1 0 0 0 1 1 1 1 0 0 0 1 1 1 1 1 1 0 0 1 1 1 1 0 1 1 0
1 0 1 0 1 1 1 0 1 1 1 1 1 0 0 1 0 1 0 0 0 1 0 0 0 1 1 0 1 1 1 1 0 1 1 0 0 0 0 0 0 1
1 1 1 1 0 1 0 1 0 0 1 0 1 1 0 0 1 0 0 1 0 1 1 0 0 0 0 1 1 0 0 1 0 0 1 1 1 0 0 1 1 1
1 0 1 1 0 1 1 1 0 0 1 0 0 1 1 0 1 1 1 0 1 1 0 0 0 0 0 1 1 1 1 1 0 1 1 1 0 1 0 0 1 1
0 1 1 0 1 0 1 1 0 0 1 1 0 0 1 1 1 0 1 0 1 0 1 0 1 0 1 1 0 0 0 1 0 0 0 1 1 1 1 1 1 0
0 1 0 1 1 1 1 0 0 0 1 1 1 1 0 1 1 0 0 0 0 1 1 0 0 0 0 0 1 0 0 1 0 1 0 0 0 0 0 1 0 0

30 574479317349139848
1 0 0 0 0 1 0 0 0 1 1 1 1 0 1 1 0 1 1 1 1 0 1 0 0 1 0 0 0 0
1 0 0 0 1 1 1 1 0 0 1 0 0 0 0 0 1 1 1 0 0 1 1 0 0 1 1 1 1 0
1 0 1 0 1 1 1 1 0 1 1 1 1 1 0 1 0 0 0 1 0 0 0 0 0 1 0 0 0 1
1 0 1 1 0 1 0 0 1 1 0 1 0 0 1 1 0 1 0 1 0 1 1 0 1 1 1 1 0 0
0 0 1 1 1 1 0 0 1 0 1 1 0 1 1 1 1 0 0 1 1 0 1 0 1 1 1 0 1 1
0 0 1 0 1 1 1 0 1 1 1 0 0 0 0 0 0 1 0 0 0 0 1 0 1 0 0 1 1 0
1 1 0 0 0 1 1 1 1 1 0 0 1 0 0 0 0 1 1 1 0 0 1 0 0 1 1 1 0 0
1 0 1 1 0 1 1 0 0 1 0 1 0 0 0 0 1 1 0 1 0 0 0 0 0 1 0 0 1 1
0 0 0 0 0 0 1 0 0 0 0 1 1 0 0 0 1 1 1 0 0 0 0 1 1 0 0 1 1 0
1 0 1 0 1 0 1 1 1 1 0 0 1 1 0 1 1 0 0 0 1 1 1 0 1 0 0 0 1 0
1 0 1 1 1 1 0 1 0 0 1 0 1 0 1 1 0 0 1 0 0 0 1 1 1 0 0 0 1 1
1 0 1 1 1 1 1 1 0 1 0 1 0 0 0 1 0 1 0 0 1 1 1 1 0 0 1 0 1 0
1 0 1 1 0 0 1 1 0 1 0 0 0 1 0 1 1 0 0 1 0 0 0 1 1 1 0 1 1 1
1 1 1 1 0 0 0 0 1 1 1 0 0 1 1 0 1 0 1 1 1 0 0 0 0 0 1 0 1 1
1 1 0 0 0 1 0 0 0 0 0 0 1 1 1 1 0 0 1 0 0 1 0 0 1 1 0 1 0 1
1 0 1 1 1 1 1 0 0 0 1 0 0 1 0 0 1 1 0 1 1 0 0 1 0 0 1 1 0 0
1 1 1 0 1 0 1 0 0 1 1 0 1 0 0 1 0 0 0 1 1 1 0 0 0 1 0 1 1 0
1 0 1 1 1 0 1 1 1 1 1 1 0 0 0 0 1 1 1 1 1 1 1 1 1 1 0 0 1 0
0 1 0 1 0 0 1 1 0 0 1 0 1 0 0 1 1 0 0 1 0 0 0 1 1 1 0 0 0 1
1 1 0 1 0 0 0 1 0 1 0 1 1 1 1 1 0 1 1 0 0 1 1 1 1 1 0 1 0 1
0 0 1 0 1 1 0 0 0 1 0 0 1 0 0 0 1 0 0 1 1 0 1 1 0 0 0 1 0 1
1 0 0 0 0 0 0 1 1 0 0 0 0 1 0 0 1 1 0 1 1 1 1 0 0 0 0 1 1 1
1 0 0 0 0 1 0 0 0 0 1 1 0 0 1 0 1 0 1 0 0 1 1 0 0 1 0 0 1 1
0 0 1 0 1 1 0 1 0 0 1 0 1 0 0 1 1 0 1 0 0 1 0 1 0 1 0 1 1 1
1 0 0 1 0 1 0 0 0 0 0 0 1 0 0 1 1 1 1 1 1 0 1 0 1 0 1 1 1 1
1 0 1 0 0 0 1 0 0 0 0 1 1 0 0 1 1 1 0 1 1 0 1 0 1 0 1 0 1 0
1 1 1 0 0 0 0 1 1 0 1 1 0 0 1 0 0 1 0 1 0 0 1 0 1 0 0 1 0 0
0 1 0 0 1 0 0 1 0 1 0 1 1 0 1 1 1 1 1 1 1 0 1 1 0 1 1 1 1 0
0 0 1 1 1 0 0 0 1 1 0 1 0 0 0 0 0 0 1 1 1 1 1 1 1 1 1 0 1 1
1 0 0 0 1 0 0 1 1 0 1 1 0 1 1 1 0 1 1 0 1 0 1 1 1 0 1 1 0 0

49 950086412929779121
1 0 1 0 0 1 1 1 0 1 1 0 1 1 1 1 0 1 0 0 1 1 1 0 1 1 0 0 0 0 1 0 1 0 0 0 1 1 1 0 0 0 1 0 1 1 0 1 1
0 1 0 0 0 1 0 0 1 1 1 1 1 0 0 1 1 1 1 1 0 0 1 0 0 0 1 1 1 0 0 0 0 0 0 1 0 0 1 0 1 1 0 0 0 0 1 0 1
0 0 1 1 1 0 0 0 1 0 0 1 0 1 1 0 0 0 0 1 1 1 0 1 1 0 1 1 1 0 0 1 1 0 1 0 1 0 0 0 1 0 1 1 1 1 0 1 0
0 0 1 1 0 0 0 1 1 0 1 1 1 0 1 1 1 0 1 0 0 1 0 1 0 0 1 0 1 1 1 1 1 1 1 1 1 0 1 1 1 1 0 0 0 1 0 0 0
1 1 0 1 0 0 1 1 0 1 0 0 0 0 0 0 0 0 0 0 0 1 1 1 1 1 1 0 0 1 1 0 1 1 1 1 1 0 1 0 1 0 1 1 0 0 0 1 1
0 0 1 1 1 1 1 1 0 1 0 1 1 1 0 0 0 0 0 1 1 0 1 0 0 0 0 0 1 1 1 0 1 1 0 0 1 1 0 1 0 0 0 1 1 1 0 1 0
0 0 1 1 1 1 0 1 0 0 0 1 1 1 1 1 0 1 1 1 1 0 1 0 1 1 1 1 1 0 1 1 1 1 1 0 0 0 0 0 1 1 1 0 1 1 0 1 1
1 0 0 0 0 1 1 1 1 1 0 1 1 0 0 0 1 1 1 1 0 1 0 1 1 1 0 0 1 1 0 0 0 0 1 1 0 0 0 1 0 1 1 1 0 1 0 1 0
0 1 1 0 0 1 1 1 1 0 0 1 0 1 0 0 0 0 0 0 1 1 0 0 1 0 1 0 1 0 1 1 0 0 0 0 1 0 0 1 0 1 1 0 0 1 0 0 1
1 1 1 1 0 0 1 1 0 0 1 0 1 0 0 1 0 1 1 1 0 1 1 0 1 0 1 1 0 1 0 1 1 1 1 0 0 0 0 0 0 0 1 1 0 1 0 0 1
1 1 0 0 1 1 1 1 1 1 0 1 1 0 0 1 1 0 0 1 1 0 0 1 0 0 0 1 1 1 0 0 1 1 1 1 0 0 0 0 0 0 1 1 0 1 0 0 0
1 0 0 1 1 1 0 0 0 1 1 1 0 0 1 1 1 0 0 0 1 0 0 0 1 1 1 0 0 1 1 1 0 0 0 1 0 1 1 1 1 1 0 0 0 0 0 1 0
1 0 0 1 1 1 1 0 0 1 0 0 0 0 0 1 1 0 0 0 0 0 0 1 1 1 0 1 0 1 1 1 1 1 0 1 0 0 0 1 0 1 0 0 1 0 0 1 0
1 1 1 1 1 1 1 1 1 1 0 0 1 0 0 1 0 0 1 0 0 1 0 1 1 1 1 1 1 0 1 0 0 0 1 1 0 1 1 1 1 0 0 1 1 1 0 1 0
0 1 1 0 1 0 1 1 1 0 0 1 1 0 1 0 1 0 0 0 0 0 0 1 0 1 1 0 0 1 0 0 0 1 1 0 1 1 0 1 1 0 0 1 0 1 1 1 0
1 1 0 1 1 0 0 0 0 1 1 0 1 0 0 0 1 0 0 0 0 0 1 0 1 1 1 0 1 1 1 1 0 0 1 0 0 0 0 0 1 0 1 1 1 0 0 0 1
1 1 1 0 0 0 0 1 1 0 0 0 1 1 0 1 0 0 1 0 0 0 1 0 1 0 1 1 0 1 0 1 1 0 1 0 1 1 0 0 0 0 0 1 0 0 1 0 0
1 0 0 1 0 0 1 0 1 1 0 0 0 1 1 0 0 1 1 1 1 1 0 0 0 1 0 0 1 0 1 1 0 1 0 1 0 0 0 1 1 1 0 1 0 1 1 0 0
0 1 0 1 1 0 1 0 1 1 1 1 1 0 0 0 1 0 1 1 0 0 1 0 1 0 0 0 1 0 0 1 0 0 0 1 1 0 1 0 0 1 1 1 0 1 1 0 0
0 1 1 1 1 0 1 0 1 1 1 0 1 1 1 1 0 1 1 0 1 0 0 0 1 0 0 1 1 1 0 1 0 0 1 1 1 0 0 1 0 1 1 1 1 0 1 1 1
0 1 0 0 1 0 0 1 0 0 0 0 0 1 0 1 0 1 0 0 0 0 1 1 0 0 0 1 0 1 0 1 0 0 0 0 1 1 0 1 1 0 1 1 0 1 1 1 0
1 0 1 0 0 0 0 1 1 0 1 0 1 0 1 1 1 1 0 1 1 0 0 1 0 1 0 0 0 1 0 1 1 1 0 0 1 0 1 0 0 0 0 0 1 0 1 0 0
1 0 1 0 1 1 0 0 0 1 0 0 1 0 0 0 1 0 1 1 0 1 1 0 0 0 1 0 1 0 0 0 0 1 0 1 1 0 0 0 1 1 1 1 0 0 1 0 0
1 0 0 1 1 0 0 1 1 1 0 1 1 1 1 1 1 1 1 1 0 0 0 0 1 1 1 1 0 0 1 1 1 1 1 1 1 0 1 1 0 1 1 1 1 1 0 0 1
1 0 0 1 0 1 1 0 0 1 1 1 1 1 0 1 1 1 0 1 0 1 0 0 0 0 1 1 1 1 1 1 1 0 0 0 0 1 0 1 0 0 1 0 1 1 0 1 0
1 0 1 1 0 1 0 0 1 0 0 0 0 1 0 1 1 1 1 1 0 1 0 0 1 0 1 1 0 0 1 1 1 0 1 0 0 0 1 1 1 1 0 0 1 0 0 0 1
1 1 1 0 0 0 0 1 1 1 1 0 0 0 0 0 0 1 1 0 0 1 1 0 1 1 0 0 0 1 1 1 1 1 1 1 0 1 1 1 1 1 1 1 1 0 0 1 1
1 1 1 0 1 0 0 0 1 0 0 0 0 0 1 0 0 1 1 0 1 0 0 1 0 0 1 1 0 1 0 0 1 0 0 1 1 0 0 1 0 0 0 0 0 0 1 0 1
1 1 0 1 1 0 0 0 1 1 0 0 1 1 1 1 1 1 0 0 0 1 0 1 1 1 1 1 1 0 0 1 0 0 1 1 0 0 0 0 1 0 1 0 0 0 1 1 1
0 0 0 0 0 0 0 1 0 1 1 1 1 1 0 1 0 1 1 0 1 0 1 0 1 1 0 1 1 1 1 1 1 0 1 0 0 0 0 0 1 1 0 0 1 1 1 0 1
0 1 1 0 0 0 1 0 1 0 0 0 1 1 0 1 1 1 1 1 0 0 1 0 1 0 0 0 1 1 1 0 1 1 0 1 0 1 1 1 1 1 1 1 1 0 1 1 1
0 0 0 1 0 0 0 1 0 1 0 1 0 1 0 1 1 0 1 1 1 1 1 1 1 1 0 0 0 0 1 1 1 1 1 1 1 0 1 1 0 0 0 0 0 0 1 1 0
0 0 0 1 0 0 0 1 1 1 1 1 1 0 0 0 0 1 0 0 0 0 1 0 1 0 0 1 1 0 1 1 1 1 0 1 1 0 0 0 1 0 0 1 1 1 1 1 0
1 1 1 0 1 1 1 0 1 1 1 0 1 0 0 1 1 1 0 0 0 1 1 0 1 1 1 0 1 0 0 0 1 1 0 1 0 1 0 1 1 0 0 1 1 1 0 1 1
0 1 0 1 1 1 0 0 1 0 0 1 0 1 1 1 0 1 0 1 0 1 1 1 1 1 1 1 0 1 1 1 0 1 0 0 1 0 0 1 1 0 0 1 0 0 0 1 1
0 1 0 0 1 1 0 0 1 0 1 1 1 0 1 0 1 1 0 1 0 0 1 1 0 1 1 0 0 1 0 0 0 0 1 1 1 0 1 1 1 0 1 1 0 1 1 0 0
0 0 0 0 0 0 1 1 1 0 1 1 0 0 0 1 1 1 1 0 1 1 1 0 1 0 1 1 1 0 1 1 1 0 1 1 1 1 1 1 0 0 0 0 0 1 0 0 1
1 0 1 1 1 0 0 1 1 0 0 0 1 1 0 1 1 0 0 1 0 1 0 0 1 1 0 1 0 1 0 0 0 1 0 0 0 0 1 1 1 1 1 0 1 1 1 1 1
0 0 1 1 0 0 0 0 1 1 1 0 0 1 0 1 1 0 1 1 0 1 0 1 0 1 0 0 1 0 1 0 0 0 1 0 0 0 1 1 0 0 1 0 0 1 1 0 0
0 1 0 0 1 1 1 1 1 1 0 0 1 1 1 0 0 1 1 1 1 0 0 1 1 1 0 1 0 0 1 1 1 0 0 1 1 1 1 1 1 1 1 0 1 1 1 0 0
0 1 0 1 1 0 1 1 1 1 1 1 1 1 1 1 0 0 1 0 1 0 1 1 1 1 0 1 0 0 1 0 0 0 1 0 0 1 0 0 1 1 1 1 0 1 0 1 0
1 1 1 1 1 0 0 1 1 0 0 1 1 0 1 0 0 1 1 0 0 1 1 0 0 0 1 0 0 0 0 0 0 1 1 0 1 1 0 0 0 0 1 0 0 0 1 0 1
0 0 1 1 1 0 1 1 0 0 0 0 0 0 0 0 1 1 1 1 1 0 1 1 0 1 1 0 1 0 1 0 1 0 1 1 1 0 1 1 1 1 1 0 1 0 0 1 0
0 0 0 1 1 0 0 1 1 0 1 0 0 1 0 0 1 1 1 0 0 1 0 1 0 0 1 0 1 1 0 0 0 1 1 0 1 0 1 1 1 0 0 1 1 1 0 1 0
1 1 0 0 0 1 0 0 1 1 1 0 1 0 1 0 0 0 0 1 0 1 1 0 0 0 1 0 0 0 1 0 0 1 1 1 1 0 0 0 0 0 1 1 1 1 1 0 1
0 0 0 1 0 1 1 0 1 0 1 0 0 1 0 0 0 1 0 0 1 1 0 1 1 1 0 0 0 0 1 1 1 1 0 0 1 0 1 0 0 0 0 0 0 0 0 0 0
0 1 0 1 1 0 0 0 1 0 1 1 1 1 1 0 0 1 1 0 1 1 0 1 0 1 0 1 1 0 1 1 0 1 0 0 1 0 0 1 1 0 0 1 1 1 1 0 0
0 1 1 1 1 0 1 1 1 1 1 1 1 0 1 0 0 0 0 0 0 1 1 1 0 1 0 0 0 0 0 0 0 0 0 0 0 0 0 0 1 1 1 0 0 0 0 1 0
0 1 1 1 0 1 1 0 0 1 0 0 0 0 0 1 0 1 0 1 1 0 0 1 1 1 0 1 0 0 1 0 0 1 1 0 1 1 0 1 1 0 1 0 0 1 1 1 0

7 424198232873003736
0 0 1 0 1 1 0
0 1 1 0 1 0 1
1 1 1 1 0 0 1
0 0 1 1 1 1 1
1 1 0 0 1 1 1
1 1 0 1 1 0 1
1 0 1 0 1 0 1

17 925225116847098957
1 0 0 0 1 0 1 1 1 0 1 1 0 0 1 0 1
1 0 1 0 1 1 1 1 0 0 0 1 1 1 1 1 1
0 1 0 1 0 1 0 1 1 0 1 1 0 1 0 0 0
1 0 1 1 1 1 1 0 0 0 1 1 0 1 0 0 0
1 0 0 1 0 0 0 1 0 0 0 0 1 0 0 1 1
1 1 1 0 0 0 1 0 0 1 1 1 0 0 0 0 1
0 0 0 0 0 0 0 0 0 1 0 1 1 1 1 0 1
1 1 0 1 1 0 0 1 0 1 0 1 1 0 0 0 0
1 0 1 1 1 0 1 1 1 1 1 1 0 1 1 1 1
1 1 0 0 0 0 1 0 0 0 0 1 0 0 0 1 1
1 0 1 0 0 0 0 0 1 0 0 0 0 0 1 1 1
1 0 0 1 1 1 0 0 0 1 0 1 1 0 1 0 0
1 1 0 1 0 0 0 1 1 1 1 1 1 1 1 1 0
1 0 1 1 0 0 0 1 0 1 1 1 0 1 0 0 0
0 0 0 1 0 0 0 1 0 0 1 1 0 1 0 0 1
0 0 1 1 0 0 1 0 1 0 0 1 1 1 1 0 0
1 0 0 1 1 1 1 1 0 0 0 0 1 0 0 1 0

45 37954446224507273
0 0 0 1 0 0 0 0 0 0 0 0 0 0 1 1 1 0 1 1 1 0 1 1 0 0 1 1 1 1 1 1 0 1 1 1 0 1 1 0 1 1 0 1 1
1 1 1 1 0 0 0 1 0 0 0 0 1 0 0 1 0 1 0 1 1 0 0 0 1 0 1 0 1 1 1 0 1 0 1 1 1 1 1 0 1 1 1 0 0
1 1 1 0 0 0 1 0 1 1 1 1 0 1 0 0 0 1 1 0 0 0 0 1 0 0 0 1 1 0 1 0 0 1 0 0 1 0 0 1 1 0 0 1 0
1 0 1 0 1 0 1 0 1 0 0 0 1 0 0 1 1 0 0 0 1 0 0 0 1 1 0 1 0 0 0 0 0 0 1 0 1 0 1 0 1 1 1 0 0
1 0 0 1 1 0 1 1 0 1 1 1 0 0 1 1 0 0 1 1 1 0 1 1 0 0 1 1 1 1 0 0 0 0 0 1 0 0 0 0 1 1 1 1 1
0 0 1 1 0 0 1 0 1 1 1 1 0 1 0 1 0 0 0 1 1 0 1 0 1 0 1 1 1 1 0 1 1 0 1 1 0 0 1 0 1 0 0 0 0
0 1 1 1 1 0 1 1 0 1 0 1 1 0 1 1 1 0 0 0 0 1 1 0 1 0 1 1 1 0 1 0 0 0 0 1 1 0 0 1 1 0 0 0 0
1 0 0 0 1 1 0 0 0 1 0 0 1 0 0 1 0 0 1 0 1 0 0 0 0 1 0 1 0 0 1 1 0 1 0 0 1 1 0 1 1 1 1 0 0
0 0 1 0 0 0 1 1 0 1 1 1 0 1 0 0 0 0 0 1 0 0 0 0 1 1 0 0 0 1 0 0 0 0 0 1 1 0 1 1 1 1 0 1 0
1 1 0 0 0 0 1 1 1 0 1 1 0 0 0 1 0 1 0 1 0 1 1 0 1 0 1 1 0 0 1 0 0 0 0 1 0 1 0 0 0 0 0 1 0
0 0 1 1 1 1 0 0 1 0 0 0 1 1 1 1 0 1 0 0 0 1 0 1 1 0 0 0 1 1 1 0 0 1 0 0 1 1 0 1 0 1 0 0 1
1 0 0 0 1 1 0 0 0 1 0 1 0 1 1 0 1 1 1 1 0 1 1 0 0 1 1 0 1 0 0 1 0 0 0 0 0 1 0 0 1 0 0 1 0
0 0 0 0 0 0 1 0 0 0 1 0 1 0 0 1 1 0 0 0 0 0 1 0 0 0 1 0 0 0 1 1 1 1 1 0 1 1 1 0 1 0 0 1 1
0 0 0 0 1 0 1 1 1 1 0 1 0 1 1 1 0 1 0 0 1 1 0 0 1 0 0 0 1 0 1 0 0 1 0 1 1 1 1 1 1 0 0 1 0
0 0 0 1 1 0 1 1 0 0 1 1 1 1 1 0 1 1 1 0 0 0 1 1 0 1 0 0 1 1 0 1 1 0 0 0 0 0 1 1 1 1 1 0 1
0 0 1 1 0 0 0 1 1 0 1 0 0 1 1 0 0 0 1 0 1 0 0 1 1 1 1 0 0 0 1 1 0 0 1 1 0 1 1 0 1 1 0 0 1
0 1 1 1 0 1 0 0 0 1 0 0 0 1 1 0 0 0 1 1 0 0 1 1 1 0 1 0 0 0 0 1 0 0 1 1 1 0 0 1 1 0 0 0 0
1 0 1 1 0 0 0 1 0 0 0 1 1 0 0 0 0 1 1 0 0 1 1 1 1 1 1 0 1 0 1 1 0 1 0 0 0 0 1 1 1 1 0 0 0
1 1 1 0 0 1 0 0 0 1 0 0 0 0 0 0 0 1 0 0 0 0 1 0 1 0 1 1 1 0 0 0 0 1 1 0 0 1 0 1 1 1 1 0 0
0 1 0 1 1 0 1 0 1 1 1 1 0 1 0 0 0 0 1 1 1 1 1 1 1 1 1 1 0 0 1 1 0 0 1 1 1 1 0 1 1 0 1 1 1
1 0 1 0 0 1 1 1 1 1 1 1 1 1 0 0 1 0 1 1 1 0 0 1 0 0 1 0 1 1 1 1 1 0 1 0 0 1 1 0 1 1 0 0 1
1 0 0 0 1 0 1 0 0 0 0 1 0 0 1 0 1 0 0 0 1 0 1 1 1 0 1 0 1 1 1 1 0 0 0 1 0 1 1 1 1 0 1 0 0
1 0 1 0 1 1 1 0 0 0 1 1 0 0 0 1 0 0 1 1 0 0 0 0 0 1 1 1 0 0 1 1 1 1 0 0 1 1 0 1 0 1 0 0 0
0 0 1 1 1 1 1 0 1 1 1 1 0 0 1 0 1 1 0 1 1 1 1 1 1 0 1 0 0 1 1 0 0 1 0 0 1 1 1 1 1 0 1 0 1
1 1 0 0 1 0 1 1 1 1 0 1 0 0 1 0 0 0 1 1 1 0 0 0 0 0 1 1 1 0 1 1 1 0 0 0 0 1 0 1 0 0 1 1 1
1 1 1 0 0 1 0 0 1 0 1 1 0 0 1 1 0 0 0 1 0 1 1 1 0 0 1 0 0 0 1 0 1 1 0 0 0 1 0 0 1 1 1 1 1
1 0 1 0 0 0 1 0 1 1 0 1 1 0 0 0 0 1 1 0 0 0 0 0 0 1 1 0 0 0 0 0 0 1 0 0 1 1 1 0 1 1 0 0 0
0 1 1 0 1 1 1 0 1 1 1 1 0 1 0 0 1 0 0 0 0 1 1 1 0 0 1 0 1 0 0 1 0 1 1 1 0 1 1 1 1 0 1 1 1
0 0 0 1 1 1 0 0 0 0 1 0 0 1 0 1 1 0 1 1 0 1 0 1 0 1 0 1 0 0 1 1 0 0 0 1 1 1 0 0 1 1 0 1 1
0 1 1 0 0 1 1 1 0 0 0 1 1 0 0 0 1 0 0 1 1 0 1 0 0 1 1 0 1 0 1 1 0 1 1 1 0 1 0 1 1 0 1 0 1
1 0 1 1 1 0 0 1 1 0 1 0 0 1 1 1 0 1 0 1 0 0 1 1 0 1 1 0 1 1 1 1 0 1 1 0 0 1 0 0 1 1 0 1 0
1 0 1 0 0 0 1 0 0 0 1 1 0 0 1 1 1 0 0 0 0 1 0 1 0 0 0 1 1 0 0 0 1 0 1 1 0 0 1 0 0 1 0 1 1
0 0 0 1 1 0 1 1 0 1 1 0 0 0 0 0 1 0 1 0 1 1 1 0 1 0 0 1 1 1 1 1 0 1 0 0 0 1 0 0 0 1 1 0 1
1 0 0 1 0 1 0 0 0 0 0 1 0 1 0 0 1 0 1 1 0 1 1 1 0 0 1 1 0 1 0 0 1 0 1 1 0 1 0 1 1 1 0 0 1
0 1 0 0 0 1 1 0 0 0 0 1 0 0 0 0 0 0 1 0 0 0 0 0 1 0 1 0 1 0 1 0 1 1 0 0 0 1 1 1 1 1 0 0 0
0 1 0 0 0 0 1 1 1 1 1 0 0 1 0 0 0 1 1 1 1 1 0 1 0 1 0 1 0 1 0 1 1 0 0 1 0 0 0 1 0 0 1 1 0
1 1 0 1 1 0 1 1 0 0 1 0 1 1 0 1 1 1 1 1 0 0 1 1 1 1 1 0 1 1 0 1 0 1 1 0 1 1 1 0 0 1 0 1 1
1 0 0 1 1 0 1 1 0 1 0 1 0 0 0 1 1 0 0 0 1 0 1 1 0 1 1 0 0 0 0 1 0 1 1 1 1 0 1 1 0 0 1 1 0
0 1 0 1 0 0 0 1 1 1 1 1 0 0 0 0 1 0 0 0 0 0 0 1 0 0 1 0 0 0 0 0 1 0 1 1 0 1 1 1 0 1 1 0 0
0 1 0 1 0 1 0 0 0 1 1 1 0 1 0 0 0 1 1 0 1 0 0 0 1 0 1 1 1 0 0 1 1 0 0 0 1 0 0 1 0 0 0 0 1
1 0 0 1 1 0 1 1 1 1 1 0 0 0 1 1 0 0 1 0 0 1 1 0 1 1 1 1 1 0 0 1 1 0 0 1 1 0 0 0 0 1 1 0 1
0 0 1 0 0 0 0 0 1 1 0 0 1 0 1 0 1 0 1 0 0 1 1 1 0 1 1 1 0 0 1 0 0 1 1 0 1 1 1 1 0 0 1 1 0
0 0 1 0 1 1 1 1 0 0 1 0 1 1 1 0 1 1 0 1 0 0 0 1 0 0 0 0 1 1 0 1 1 0 1 0 0 1 0 1 1 1 1 0 0
0 1 0 0 1 0 0 1 0 1 1 0 1 0 1 0 1 1 0 0 1 0 0 1 1 0 1 0 1 0 0 0 0 0 0 1 0 0 1 1 1 1 0 1 0
0 0 0 1 0 0 1 0 1 0 1 1 0 1 0 1 0 1 0 0 0 0 0 1 0 1 1 0 1 0 0 0 1 0 0 1 0 0 0 0 0 0 0 1 1

24 286007726170783964
0 1 1 1 0 0 0 0 0 0 1 0 0 0 0 0 1 1 1 1 1 0 0 0
0 0 0 0 0 0 0 0 0 0 1 0 1 1 1 1 1 1 0 0 0 0 1 1
1 0 1 1 1 0 1 0 0 0 0 1 0 1 1 1 0 0 1 1 0 1 1 0
1 1 1 1 1 0 0 0 1 0 0 1 1 0 1 0 0 1 0 0 0 0 0 0
1 0 1 1 0 0 1 1 1 0 1 0 0 1 1 0 0 0 1 1 0 1 1 1
1 0 0 1 0 0 1 0 1 1 1 0 1 1 0 0 1 0 1 0 0 0 0 0
0 1 1 1 1 1 1 0 0 0 0 0 0 0 0 0 1 1 1 0 0 1 0 0
1 1 0 1 0 1 1 0 1 0 1 0 0 0 0 0 0 1 1 1 1 0 1 0
1 0 1 0 1 0 0 0 1 0 0 0 0 1 0 0 1 1 0 0 0 1 1 0
1 0 1 1 1 1 0 0 1 0 0 1 0 1 1 1 0 0 0 1 1 0 1 0
1 0 1 0 1 0 0 1 0 1 1 0 1 1 0 0 1 1 1 1 1 0 0 1
1 0 0 1 0 1 0 0 1 0 0 1 0 1 1 1 1 1 0 1 1 0 0 0
1 1 1 0 1 0 0 0 0 1 0 1 0 1 0 1 0 0 1 0 0 1 0 1
1 1 1 1 1 1 0 1 1 1 1 0 1 1 1 1 1 1 0 0 0 0 0 0
1 1 1 0 1 0 0 1 0 1 0 0 1 0 0 0 0 0 0 0 1 1 1 1
0 1 0 1 1 1 0 1 0 0 0 1 0 0 1 0 0 1 1 1 1 0 0 1
1 1 0 0 1 0 1 0 0 1 0 1 1 0 1 0 1 1 0 0 1 0 1 1
0 0 0 0 0 1 0 0 1 1 0 0 1 0 1 0 0 1 0 0 1 1 1 0
1 0 1 0 1 1 0 0 1 0 0 1 0 1 1 1 1 1 1 0 0 1 1 1
1 1 0 1 1 0 1 1 0 1 1 0 1 1 1 1 0 1 1 1 0 1 1 0
0 1 1 1 1 1 0 1 0 1 1 0 1 1 0 1 0 1 0 0 1 0 0 0
0 0 1 0 0 1 0 0 0 1 1 0 1 0 1 0 1 1 1 0 1 1 0 1
0 1 0 0 1 0 1 0 1 1 0 1 0 0 0 1 0 1 0 1 1 0 0 1
1 0 0 1 1 1 1 1 0 1 1 0 1 0 1 0 1 1 1 1 0 0 0 0

45 383825195653376969
1 1 0 0 1 1 1 0 1 0 1 1 1 0 0 1 1 1 0 1 1 1 1 0 1 0 0 1 0 1 1 0 1 0 1 1 0 0 0 0 0 1 1 0 1
0 0 1 0 1 1 1 0 0 1 0 0 0 0 1 0 1 0 0 1 0 1 0 1 1 0 1 1 0 0 1 1 1 1 1 1 1 0 1 0 1 0 0 1 1
0 1 0 1 0 0 0 0 1 0 0 0 0 0 0 0 0 0 1 0 0 1 0 0 1 0 0 0 0 0 1 1 1 0 1 1 1 1 0 1 1 0 0 0 0
1 1 1 1 1 0 0 0 0 1 0 0 1 1 1 0 0 1 1 1 1 1 0 1 1 1 0 0 0 1 1 0 0 0 0 0 0 0 0 0 1 0 1 0 0
0 0 0 0 0 0 1 1 0 0 0 1 1 1 1 0 0 1 1 1 1 0 0 1 0 0 1 1 0 1 0 0 0 0 0 1 1 1 1 0 0 1 0 1 1
0 0 0 0 1 0 0 1 0 0 1 0 1 0 0 1 1 1 1 1 0 0 0 0 1 1 1 1 1 0 0 0 1 1 1 1 1 0 0 0 1 1 0 0 1
0 0 0 0 1 0 1 1 0 0 0 0 0 0 0 0 1 0 1 1 1 0 1 1 1 1 0 0 1 1 0 0 0 1 0 1 1 1 0 1 1 1 0 0 0
1 1 0 0 1 1 1 1 1 0 1 0 0 0 1 0 0 0 1 1 1 1 0 0 1 1 0 0 1 1 0 1 1 0 1 1 0 0 0 0 0 0 0 1 1
0 0 1 1 1 0 1 1 1 0 0 1 0 1 1 1 0 1 1 0 1 0 1 0 1 1 1 0 0 0 0 0 0 1 0 1 1 1 0 0 0 1 1 1 1
0 1 1 0 1 1 1 0 0 1 0 1 1 0 1 1 0 0 1 0 0 1 1 0 1 0 0 0 0 1 0 0 1 0 0 1 0 0 1 1 0 1 0 0 1
1 0 0 0 1 0 1 0 0 0 0 1 0 1 1 0 0 0 1 0 1 1 1 1 1 0 1 0 0 1 1 1 1 0 1 1 0 0 1 0 1 1 0 1 1
0 1 0 0 1 0 0 1 0 1 1 0 1 1 0 0 1 1 0 0 0 0 1 0 1 0 0 0 1 1 0 1 0 1 0 0 1 1 0 1 1 0 1 0 0
1 1 0 1 0 0 1 1 0 0 1 1 1 1 1 1 1 0 1 1 0 0 1 1 0 1 0 1 1 0 0 1 0 0 0 0 0 1 1 0 0 0 1 1 1
0 0 1 0 0 0 0 1 1 0 0 0 0 0 0 0 0 1 1 1 1 0 1 1 1 0 1 0 1 0 1 1 1 1 1 0 0 0 1 1 1 1 0 1 1
1 1 1 0 1 1 1 0 0 0 1 1 0 0 0 1 0 0 0 1 1 0 0 1 0 0 0 1 1 1 1 1 0 0 1 1 0 0 1 0 0 0 0 0 0
0 0 1 0 0 0 0 1 1 1 0 0 0 0 0 0 0 0 0 0 1 0 1 0 0 1 1 0 0 1 0 0 1 1 1 1 0 1 0 1 1 1 0 1 1
0 0 1 1 0 0 0 0 1 1 1 0 1 1 0 0 1 1 0 1 0 1 0 1 1 0 1 0 1 1 1 0 1 1 1 0 0 1 1 0 0 0 1 1 0
0 1 1 0 1 1 1 1 0 1 1 1 1 0 0 0 0 0 1 1 0 0 0 1 1 0 1 0 0 0 0 0 1 0 0 0 0 1 1 1 0 0 1 0 0
0 1 1 0 1 0 0 1 1 0 0 1 0 0 0 1 1 1 1 0 0 0 1 0 0 1 0 0 1 0 1 1 0 0 1 1 1 0 1 1 0 0 1 1 0
1 0 0 0 1 0 0 1 1 0 1 0 1 1 1 1 0 1 1 0 1 0 1 0 1 0 1 0 1 0 0 0 1 1 1 0 0 1 0 0 0 1 1 1 0
1 0 0 1 0 1 1 0 0 0 1 1 0 0 1 1 0 0 0 0 1 1 1 1 1 0 0 1 0 0 1 1 0 0 0 0 1 1 1 0 1 0 1 0 0
1 1 0 0 0 0 0 1 0 0 1 0 0 1 1 0 1 1 1 0 0 1 0 1 1 0 1 0 1 1 0 0 0 0 0 1 1 1 1 0 1 0 1 1 0
1 0 1 1 0 1 1 0 0 1 0 0 0 1 1 0 1 1 0 1 1 0 1 1 1 1 0 1 1 1 0 0 0 1 0 1 0 0 1 1 1 0 1 1 1
0 1 0 0 1 1 1 0 0 0 0 1 1 1 1 0 0 1 0 0 1 1 0 0 1 0 0 1 0 0 0 1 1 1 0 0 0 0 1 1 1 0 1 1 1
1 0 1 1 0 1 1 1 1 1 1 0 1 0 0 0 0 1 0 0 0 1 1 1 1 0 1 0 1 0 0 0 1 0 0 1 0 0 0 1 1 0 0 1 0
1 1 1 0 0 1 0 0 0 0 1 0 0 0 0 0 1 0 0 1 0 1 1 1 1 0 0 0 1 1 0 1 0 0 1 1 1 0 1 0 1 1 1 0 0
0 1 1 0 0 1 1 0 0 1 0 0 0 0 0 1 1 1 1 0 1 1 1 1 1 0 0 0 1 0 1 1 0 1 0 1 0 0 1 0 1 0 0 1 0
0 0 1 0 0 1 1 0 0 0 1 0 1 1 0 1 0 0 0 1 0 1 0 0 1 1 0 0 1 0 1 1 0 1 1 0 1 1 0 1 1 0 0 0 0
0 0 0 0 0 1 1 0 1 0 0 0 0 0 1 0 1 0 0 0 0 1 1 0 1 1 1 1 0 1 1 0 1 0 0 1 1 1 0 1 0 0 1 0 1
1 0 1 1 1 0 0 0 0 0 1 1 0 1 1 0 1 1 1 0 1 1 1 1 1 0 1 0 1 1 1 1 1 0 0 1 1 0 0 0 0 0 1 0 0
1 0 1 1 1 0 1 0 0 1 0 1 1 0 1 0 0 1 1 0 1 1 1 1 0 1 0 1 1 0 1 1 0 0 0 1 1 0 0 0 0 0 0 1 1
0 0 0 0 0 1 0 1 1 0 1 0 1 1 0 1 1 0 1 0 1 1 1 0 0 0 0 0 1 0 1 0 1 0 0 1 1 0 1 1 0 1 1 0 0
1 1 1 0 0 1 0 0 1 1 0 1 1 0 1 0 1 0 0 0 1 1 0 0 1 0 1 1 0 0 1 1 1 0 1 1 0 0 1 1 1 0 0 0 1
0 1 0 0 0 1 0 1 1 0 0 1 0 0 0 0 0 0 1 0 0 0 0 0 0 0 0 0 1 0 1 0 0 0 1 0 1 0 0 0 0 1 1 1 1
0 0 0 0 1 1 0 1 1 1 1 1 1 1 1 0 1 0 1 0 0 0 1 1 0 0 0 0 0 1 0 0 1 1 0 0 1 0 0 0 0 1 0 1 0
0 1 0 0 1 0 0 1 1 0 1 0 0 0 0 0 0 1 0 1 0 1 0 1 1 0 0 1 0 1 0 0 0 0 0 1 0 1 1 0 0 0 1 1 0
1 1 0 0 1 1 1 0 1 1 0 1 0 0 0 1 1 0 0 0 0 0 1 0 1 1 0 1 1 0 1 0 0 1 0 0 1 0 1 0 0 1 1 0 1
1 0 1 0 0 1 0 1 0 1 0 0 0 1 1 0 0 0 0 1 0 1 1 0 0 1 1 0 0 1 1 0 1 0 0 0 1 1 0 1 0 0 1 1 0
1 0 0 1 0 0 0 0 0 0 0 1 0 0 1 0 1 0 0 1 0 0 0 0 0 0 0 0 0 1 0 0 0 0 1 0 1 1 0 1 0 1 0 1 0
0 1 1 1 0 1 0 1 1 0 1 1 0 1 0 0 1 1 1 1 1 1 0 1 0 1 1 1 0 0 1 0 1 1 0 0 0 1 1 0 1 1 0 1 0
0 0 1 1 0 1 1 0 1 1 1 1 0 0 1 1 0 0 1 1 1 1 0 1 0 0 0 1 1 1 0 0 0 1 1 0 0 0 1 0 0 0 1 1 1
1 1 0 1 1 0 1 1 1 0 1 0 0 1 1 1 1 0 0 0 0 0 0 1 1 0 0 1 1 1 1 1 0 0 1 0 0 1 0 0 0 0 1 0 1
0 1 0 1 1 1 1 1 1 1 0 1 1 1 0 0 1 1 1 0 0 0 0 0 0 1 1 1 1 0 0 1 0 0 0 1 1 1 1 1 1 1 1 1 1
1 0 1 0 1 1 0 0 1 1 1 0 1 0 0 1 0 1 0 1 0 0 0 0 1 1 0 1 0 0 1 0 1 1 0 0 1 0 0 0 0 0 1 1 0
0 0 0 1 0 1 0 0 0 1 0 0 0 0 1 1 1 0 0 0 1 0 1 1 0 0 0 1 1 1 0 1 1 1 1 1 0 1 1 1 1 1 1 1 0

18 671667542294197794
1 1 0 1 0 1 0 0 0 0 0 0 1 0 0 1 0 0
1 1 1 1 1 1 1 0 1 1 1 1 1 1 0 0 1 1
0 1 0 1 0 1 0 1 1 0 0 1 0 1 0 0 0 0
0 1 1 0 0 1 1 1 1 0 0 1 1 1 1 0 1 0
0 0 1 1 0 1 0 0 1 0 0 1 1 0 0 0 0 0
0 1 1 0 0 0 1 0 1 0 0 0 0 1 0 1 1 1
1 0 0 1 0 0 1 1 0 1 0 1 0 0 0 0 0 0
0 0 1 0 1 1 1 0 1 0 1 1 1 0 0 1 0 1
1 0 0 1 0 1 1 1 0 1 0 1 1 0 0 1 0 0
0 0 0 1 1 1 1 0 1 0 0 1 0 1 1 1 1 0
1 1 0 0 0 0 0 0 1 0 1 0 0 1 0 1 0 1
0 0 0 1 1 0 0 0 0 0 1 0 0 0 0 1 0 0
1 1 0 0 0 1 0 0 0 0 0 1 0 1 1 1 0 1
0 1 0 0 1 1 0 0 0 1 1 1 0 0 1 0 0 1
1 1 0 0 0 1 0 1 0 0 1 1 1 0 0 1 1 0
0 1 0 0 0 0 1 1 0 0 1 1 1 1 1 0 1 1
0 1 0 0 1 1 0 0 1 0 0 1 0 0 0 0 1 1
1 0 0 0 0 1 1 1 0 0 0 0 1 0 0 0 0 1

