1
200

3
100 200 100

4
100 100 100 200

2
100 100

2
100 200

4
200 200 200 100

52
200 200 100 200 200 200 200 200 200 200 200 200 200 200 200 200 200 200 200 200 200 200 200 100 200 200 200 200 200 200 200 200 200 200 200 200 200 200 100 200 200 200 200 100 200 100 200 200 200 100 200 200

99
200 100 100 100 200 200 200 100 100 100 100 100 100 100 100 100 200 200 100 200 200 100 200 100 100 200 200 200 100 200 100 200 200 100 200 100 200 200 200 100 100 200 200 200 200 100 100 100 100 200 200 200 200 100 200 200 200 100 100 100 200 200 200 100 200 100 200 100 100 100 200 100 200 200 100 200 200 200 100 100 100 200 200 200 100 200 200 200 100 100 100 200 100 200 100 100 100 200 200

5
100 200 100 100 100
