100
5 1
3 1 4 1 5 9
2 7 1 8 2 9
4 8 15 16 23 42
400000 1
29569605 3879113 12009252 26400949 2972323 32860003
29569605 3879113 12009252 26400949 2972323 32860003
23042 186290 50331 150704 86924 400000
241145 1
598806519 75606379 501817940 442671200 548262423 864614617
125786627 108814585 59719091 285035974 229523564 296795368
191560718 321003923 388095398 472391056 123299129 641926912
241145 1
270597657 89528926 222466072 280979162 393397274 400312459
270597657 89528926 222466072 280979162 393397274 400312459
15234 35399 64363 122252 240867 241145
400000 1
77758695 20892537 93685161 71588051 362461805 381900738
77758695 20892537 93685161 71588051 362461805 381900738
335464 373595 291503 243516 114423 400000
400000 1
0 0 0 0 0 1000000000
999999999 999999999 0 0 999999999 1000000000
421448750 356451376 314604475 616833088 456722572 638147627
51371 1
179836796 497085775 801826555 530074629 186475302 813750939
221929217 704222905 740601106 741758539 645913868 994605817
103981338 94000549 53828281 24817300 120397963 131228295
400000 1
0 0 0 0 0 1000000000
999999999 999999999 0 0 999999999 1000000000
209238766 160146573 261817110 264060006 189267589 271767535
21511 1
17546247 27873735 53260539 4106171 26068702 56834348
213648682 32007550 188092180 83336739 245356705 432246251
65027595 92372973 10893952 534776841 152947415 538918310
400000 1
244004883 199454648 152569025 121954719 81251119 255387711
244004883 199454648 152569025 121954719 81251119 255387711
33373 107623 224083 253225 117842 400000
400000 1
80959006 71069573 12802916 60870106 77712349 88288426
999999999 999999999 0 0 999999999 1000000000
268316696 375225420 172853192 90022523 82613227 550256013
400000 1
108334652 73307501 182181587 185926963 55922741 194854279
108334652 73307501 182181587 185926963 55922741 194854279
298163 266781 131027 42691 397691 400000
400000 1
318999239 458138021 233770963 412236909 265092686 490742988
318999239 458138021 233770963 412236909 265092686 490742988
324769 286177 377890 37736 308751 400000
1 1
0 0 0 0 0 1
0 0 0 0 0 1
999999999 999999999 0 0 999999999 1000000000
96583 1
130709778 15181980 480511450 68464596 253695863 641536516
60810425 122191748 79832082 98546906 99413194 152969618
46801286 36964240 53786885 74878985 35689616 75931186
96583 1
0 0 0 0 0 1000000000
179239075 133478312 70232760 180009208 162907194 206789672
436798675 19697689 257246131 230017947 539280002 634309938
26317 1
58843609 35154726 68101591 56197300 51934238 70017845
58843609 35154726 68101591 56197300 51934238 70017845
3517 23807 19929 12508 13644 26317
400000 1
52523772 333413737 320437412 504931305 33644516 508341774
52523772 333413737 320437412 504931305 33644516 508341774
203015 252813 345736 246827 265856 400000
400000 1
0 0 0 0 0 1
999999999 999999999 0 0 999999999 1000000000
0 0 0 0 0 1
400000 1
40816295 256925404 3144043 277751481 42212587 525237966
40816295 256925404 3144043 277751481 42212587 525237966
130012 139206 7512 222096 298628 400000
383936 1
570042295 630484781 869164004 101020783 436361008 909009958
999999999 999999999 0 0 999999999 1000000000
58920474 77177307 64167368 499321486 578990551 746296519
96583 1
472351950 40388634 479567210 211991011 202810713 492873026
999999999 999999999 0 0 999999999 1000000000
170358776 124323675 156335374 168471476 209100372 232428087
21511 1
512904612 449383242 450552266 594247645 226361844 715415418
999999999 999999999 0 0 999999999 1000000000
310739571 213475832 724819231 126920733 724253217 761523662
400000 1
405016521 260452733 769713357 43290849 178165274 868559051
92836354 12929098 26479763 242362284 253593312 486318190
171761690 659649147 673931476 558516288 636107000 733425854
400000 1
11467541 39546707 11989714 12064238 12385660 44296888
999999999 999999999 0 0 999999999 1000000000
87450230 201441974 195440490 54834661 176712550 202139126
400000 1
796794633 735401070 279279866 409732943 407298738 857166277
796794633 735401070 279279866 409732943 407298738 857166277
209084 98957 239368 316519 114069 400000
400000 1
497081290 343628966 247573416 428232057 450832007 550787388
23138943 1622696 3495889 7427564 67048000 114055260
470257557 170665770 41425996 339448812 464590614 482991368
400000 1
22800633 19142625 16310350 10415561 48339718 65039659
22800633 19142625 16310350 10415561 48339718 65039659
319571 19784 372796 37823 378391 400000
400000 1
547084661 111483921 149585181 653440487 62346400 869619425
547084661 111483921 149585181 653440487 62346400 869619425
173316 147012 242609 167251 192716 400000
8685 1
362979099 451450341 372592762 53361633 282347724 486556233
220590844 625275814 53549319 696862746 477216258 929903884
77303176 4360280 136098876 76541503 117133749 158675941
400000 1
0 0 0 0 0 1000000000
110696354 130371787 197352162 184991562 238723009 264703388
151664389 398700023 137961067 349619421 209490306 524463033
400000 1
511398901 13856661 441987476 318183675 66532950 658029232
511398901 13856661 441987476 318183675 66532950 658029232
302032 297055 334511 358265 185286 400000
400000 1
44703407 10981821 31092108 30280945 34892348 49461357
44703407 10981821 31092108 30280945 34892348 49461357
225030 387251 61176 132227 162232 400000
37194 1
103852527 161149606 97480621 152709402 107761001 170916844
152854976 249655940 93880303 68518229 46395303 380016286
20914948 2794725 22702897 16635854 25969056 33073035
400000 1
75357550 59280002 63196315 97918921 61838672 105159692
388677441 58347092 382029571 359352918 64612240 431052566
96130962 225689398 173224104 138209410 108047960 237572242
131829 1
0 0 0 0 0 1000000000
999999999 999999999 0 0 999999999 1000000000
385499681 323281936 316020486 134932716 201248624 423089343
400000 1
0 0 0 0 0 1000000000
720696113 561650857 677786762 719416487 277209576 748700866
103698691 47444295 48292294 81603638 24056719 110582073
96583 1
26562389 847890916 543237361 322319438 301230283 941383062
26562389 847890916 543237361 322319438 301230283 941383062
88947 12384 3197 49321 74196 96583
400000 1
437048863 303069705 237038038 657954038 465229956 736113245
437048863 303069705 237038038 657954038 465229956 736113245
4536 133514 25625 82241 270865 400000
400000 1
266290976 75493871 14734290 147103552 334206113 355750566
266290976 75493871 14734290 147103552 334206113 355750566
318188 281415 134425 346147 345660 400000
131829 1
60765382 318041760 42196363 268140049 103585466 354584107
999999999 999999999 0 0 999999999 1000000000
572758293 361707041 552125739 342821341 317358279 604848122
400000 1
63238087 6299434 76841412 75932581 15023229 77879196
63238087 6299434 76841412 75932581 15023229 77879196
212482 83761 306314 272239 259459 400000
400000 1
180913110 57043242 158485878 340602727 575979367 581829390
999999999 999999999 0 0 999999999 1000000000
18570804 43652404 13178315 4608098 36722669 53921434
400000 1
893725082 444320016 850179317 422254611 469182107 894653462
893725082 444320016 850179317 422254611 469182107 894653462
177760 279624 35386 237071 276056 400000
1 1
0 0 0 0 0 1
0 0 0 0 0 1
0 0 0 0 0 1
26317 1
0 0 0 0 0 1000000000
162686713 211705866 109686904 24785464 6337360 253178209
333779192 87377060 892938370 380740664 751041930 944576579
400000 1
440070771 157690268 529676711 49960681 118482259 541130045
440070771 157690268 529676711 49960681 118482259 541130045
77110 21773 340331 4564 326102 400000
335545 1
60521681 66642768 238321876 685183600 514608954 838033798
421402200 293528652 84026081 344091198 208850912 525474324
658711891 250065211 606623258 258491976 103681747 788724805
21511 1
340477266 25192946 445134792 50317955 479317059 633070968
340477266 25192946 445134792 50317955 479317059 633070968
4331 6613 4404 3278 10604 21511
400000 1
0 0 0 0 0 1000000000
999999999 999999999 0 0 999999999 1000000000
35586040 48338716 50007152 2103359 66433203 79302245
241145 1
0 0 0 0 0 1000000000
537539358 718246215 690735765 208766280 461693637 787491005
5304993 5433578 2069137 1755242 4907062 5472914
26317 1
0 0 0 0 0 1000000000
999999999 999999999 0 0 999999999 1000000000
68966247 51028799 1700568 57569273 66640206 131572023
383936 1
22339211 241951205 160275273 298371943 267287365 354460828
22339211 241951205 160275273 298371943 267287365 354460828
3951 3634 252739 136569 154924 383936
383936 1
0 0 0 0 0 1000000000
999999999 999999999 0 0 999999999 1000000000
343243415 348924250 117931680 76925499 303422039 422118326
400000 1
347467913 684295137 577960252 718846233 5704575 944989542
347467913 684295137 577960252 718846233 5704575 944989542
164088 392398 151398 183521 180681 400000
21511 1
0 0 0 0 0 1000000000
999999999 999999999 0 0 999999999 1000000000
223669229 65548623 14361098 238845241 219446277 256775040
131829 1
0 0 0 0 0 1000000000
48686064 739107117 621769601 686705615 195861989 771791594
688952031 14979125 725060992 92636173 567361729 853765808
241145 1
320130618 286208263 222227033 95366321 251382950 381984103
999999999 999999999 0 0 999999999 1000000000
104664690 68617391 40180268 55724237 37960138 104817674
400000 1
681760121 569061929 99696697 354810662 327745512 899245685
681760121 569061929 99696697 354810662 327745512 899245685
238951 240024 243603 342444 347292 400000
400000 1
470416620 469576528 49458055 85971924 43040622 712979135
470416620 469576528 49458055 85971924 43040622 712979135
120909 204302 220137 47237 53415 400000
143402 1
679634845 299759524 620281287 28575757 758742114 811519614
41622892 109735871 134837366 395713017 273105554 522460284
34959165 51162746 11192561 40199887 42959340 59338018
241145 1
0 0 0 0 0 1000000000
999999999 999999999 0 0 999999999 1000000000
569320952 544120416 145102187 775472023 884166496 913206354
400000 1
281475293 513779768 124415154 532495324 75529009 861627232
281475293 513779768 124415154 532495324 75529009 861627232
153273 131510 78900 133996 5423 400000
20602 1
373477649 147792966 157112618 155178737 49805103 709883524
77361046 27991040 290840765 200198936 516056448 646659246
353611362 113350703 123505058 140625264 43850483 391573090
400000 1
61546214 232448867 646214130 697285270 422579566 771094771
428644724 432156355 576638411 232969512 377111594 626833552
421503409 280915567 18888977 145646016 37618741 445032388
142178 1
374654350 254257886 166374414 254852980 283830328 381596780
568100791 645176176 599227677 647733974 30316251 727455876
223538781 224285133 366707636 363494035 533325253 678231962
400000 1
457526868 68999135 179172161 798880175 615497617 858048018
999999999 999999999 0 0 999999999 1000000000
7045989 230365946 220335161 455767405 412556493 742811641
400000 1
0 0 0 0 0 1000000000
32842252 69734576 46520980 20127075 76748429 84053553
516682349 465504711 691885434 671384238 62873782 912474254
400000 1
685973199 370483334 591780776 196362228 534814628 694808621
685973199 370483334 591780776 196362228 534814628 694808621
229150 298644 32207 301058 280831 400000
400000 1
20318709 43015728 2288863 36234525 37167577 63920809
20318709 43015728 2288863 36234525 37167577 63920809
298539 378788 106363 373543 62293 400000
96583 1
0 0 0 0 0 1000000000
999999999 999999999 0 0 999999999 1000000000
100199158 524564649 192720597 326757100 352548200 639812358
400000 1
86830497 888053324 307723216 554962004 273785739 889549135
86830497 888053324 307723216 554962004 273785739 889549135
342301 288509 160283 104516 69572 400000
21511 1
0 0 0 0 0 1000000000
336659236 367799092 538654470 323040758 231628546 675856688
18604968 104790336 103603161 90093102 13339188 134562805
400000 1
0 0 0 0 0 1000000000
999999999 999999999 0 0 999999999 1000000000
235229207 443904972 301226137 252163913 384451705 499917113
400000 1
0 0 0 0 0 1000000000
6700391 12980025 1622649 45340743 32983071 68742553
913397375 194518748 943202991 395414325 919628965 962731430
400000 1
12086896 194525957 114487071 22984316 52427531 254447208
12086896 194525957 114487071 22984316 52427531 254447208
156987 343617 289416 293629 218803 400000
283209 1
256492256 340252367 170681074 8735991 345934731 352556395
212826755 122422309 753916604 644619426 296885118 992695759
128062637 655105436 878552769 382632644 421572446 966118337
400000 1
93667031 384033120 276102607 294685776 546649978 981573145
216978 1470602 2225548 1241863 2234879 2540109
75909896 97851468 294767617 126564228 89479606 408636273
400000 1
356144826 258285567 101692880 349212032 18531074 767185098
356144826 258285567 101692880 349212032 18531074 767185098
145300 297599 385555 110357 13279 400000
400000 1
41344461 95106343 113422789 202759248 127846105 376738060
38128955 31851750 50263819 16276674 45347964 78307138
111386019 101575949 36919576 196263333 75571479 288518364
383936 1
0 0 0 0 0 1000000000
188877307 424687580 303481604 123977296 249180785 514992443
56746759 69918363 129273550 85896005 124031997 149126348
400000 1
658379581 174167101 288114271 44992714 597824290 686129370
999999999 999999999 0 0 999999999 1000000000
431925608 461891078 536330660 412426071 404083562 653248091
400000 1
318406729 302573714 134517612 25456256 105250179 485224944
318406729 302573714 134517612 25456256 105250179 485224944
47627 258848 399273 301955 4042 400000
400000 1
0 0 0 0 0 1000000000
464911174 310265076 455961300 140452829 10382021 991832453
17028913 174962223 85487942 743943205 544794147 800313161
400000 1
24190377 31053085 33386344 23009413 7282013 67643147
24190377 31053085 33386344 23009413 7282013 67643147
2300 277814 379136 95392 361316 400000
225883 1
660346431 751149224 251494470 203795108 306267447 762632670
73183408 129541176 126166000 10506827 49981045 180651835
32334470 270618930 419733395 302129425 885618017 912944972
400000 1
0 0 0 0 0 1000000000
39244002 503298178 518158715 255329073 253873127 813126240
90199585 633881329 270933927 11062937 61416887 831823572
383936 1
896113003 951659331 788380226 629728751 152741632 953963961
754566915 679554389 635808191 498445350 167912097 822087201
25708609 37694431 67482526 69910473 18322755 80175196
26317 1
171342854 331977854 158515917 416788627 266901630 506733657
999999999 999999999 0 0 999999999 1000000000
142648138 114517346 157260539 50540626 25153704 166428108
400000 1
0 0 0 0 0 1000000000
999999999 999999999 0 0 999999999 1000000000
221469309 581998104 346501115 279188247 442317080 802469611
21067 1
346158 40667424 20485441 40636603 32418708 83151890
10807187 322979946 324928387 875427333 718326998 951321742
96235531 5310826 353442929 119689178 213366793 463323761
400000 1
231406220 171136918 95599541 244300626 83382867 249100803
999999999 999999999 0 0 999999999 1000000000
111003538 525272687 92620161 771411341 525217268 864136574
400000 1
204605251 118795952 59502358 195427624 264491622 400870187
204605251 118795952 59502358 195427624 264491622 400870187
78626 132999 148699 188355 96884 400000
26317 1
227429412 285556575 305992508 86790719 229221309 336729512
71630917 186142874 112273437 173983350 149283876 237626093
9245828 3036783 2041470 13771316 12733578 13938730
400000 1
245864166 218225987 319950815 105607293 195169331 371440036
245864166 218225987 319950815 105607293 195169331 371440036
109985 154415 398589 28702 166720 400000
400000 1
177327833 263824792 40847267 361770698 121414895 390049396
177327833 263824792 40847267 361770698 121414895 390049396
0 0 0 0 0 1
131829 1
113787364 294184206 409701890 218370334 143081350 412219414
494640451 628891822 626200233 13220275 26537482 642663233
402882428 296139431 584342106 1872112 354729148 649748737
400000 1
548613378 261725161 415714230 304627278 315488277 561144516
548613378 261725161 415714230 304627278 315488277 561144516
86000 310874 251789 214798 369438 400000
400000 1
0 0 0 0 0 1000000000
999999999 999999999 0 0 999999999 1000000000
535963908 442528452 363938427 15871913 296341661 768317500
131829 1
4805149 434688810 76909904 151984475 449756997 463904520
4805149 434688810 76909904 151984475 449756997 463904520
128896 121179 85453 117725 53217 131829
