391808 655 30589
270715 347833 338824
75960 144637 382465
256863 283535 116075
374223 377868 23274
94232 249814 598864
273131 345067 287276
328959 370320 164568
35996 83716 758462
164921 356849 132287
183498 353771 910455
346683 354730 189697
29678 107905 198446
216800 285945 868465
142108 354917 424598
166275 339574 386118
340217 357321 339018
373954 374487 135409
312316 344515 659747
59244 87296 880848
321628 347111 772818
323619 357032 867882
114884 137359 42381
102870 233619 634592
13862 242693 134265
132502 347339 762901
251331 316994 732803
210899 283391 415056
29276 278117 769443
252311 372457 701507
26307 196236 579602
66571 145563 13423
298587 310232 639719
22363 172889 82510
109244 287806 705528
379218 391284 285015
62271 136104 560485
255481 354008 693415
128809 150341 271697
242409 312528 547619
38802 206598 705513
75136 97293 379494
232854 242677 671676
75816 343858 169849
119209 258688 269995
373616 389187 8168
211299 262966 885547
281201 283125 693991
212405 285776 432196
48650 305521 635155
95614 310253 320307
127304 283482 922232
34284 255271 55108
250131 390883 142196
26489 328916 681816
340018 358619 485037
70638 366921 493987
16435 222470 936224
159769 388870 55226
276570 280926 921026
315131 356710 372070
238504 367760 269181
341049 374155 654851
167666 364315 355123
224400 364443 150266
362975 375641 142020
354661 375836 616881
276511 329904 967545
167185 351560 465510
292840 300141 299253
199522 383234 519793
205408 282985 339214
136340 180417 257612
338221 345184 770209
381748 384176 652411
323098 387321 189940
133461 351381 965124
142006 369689 539694
164776 176406 333282
282848 331103 971658
387557 388314 924832
370546 381950 553616
28878 353195 31075
107269 202032 790584
344183 385340 278348
382307 384444 83235
208309 226631 70184
49777 151957 924080
236152 311540 324751
352280 387465 718358
67005 202288 942166
242556 390356 336324
14253 362948 852490
285686 303380 798398
326992 337760 604009
229502 271846 764591
370705 391597 951219
162757 331406 965551
287252 320399 727687
300322 361170 847761
52798 368777 902769
34809 275675 469417
253184 330926 193150
259723 349324 869229
80961 218389 639002
44893 56162 617954
100744 297738 297972
120956 213389 709734
101158 143865 726766
357837 358851 670725
190146 300915 501840
283136 305958 117057
119672 278878 885200
39727 240145 746923
5948 38517 209127
291735 314819 894108
206066 312048 638271
78886 317105 256190
212305 228747 432581
130308 374762 158778
299286 351515 611694
287120 299437 966286
180949 198557 887905
272518 316037 110508
18710 266277 278355
170904 294691 115779
64216 118754 670062
256661 367885 718429
253072 303249 28287
347071 369747 348593
282593 327421 700449
30954 194987 45548
690 283348 684042
111905 155859 233032
310345 318638 521652
118930 215457 311004
228852 375999 258244
67142 181973 426428
27903 389044 171969
145372 196003 966554
83049 168168 7173
108621 379800 918177
213239 217135 161449
146994 166772 279731
51350 211678 177040
15369 325282 551388
67269 277538 295468
175506 291274 24294
364532 375070 374525
93179 181289 319064
290679 372852 370297
166053 303074 234811
331778 379626 67792
355350 369766 907572
72664 317094 937775
28150 309996 408842
279532 304982 990329
368390 383400 916600
312324 370164 685033
176808 343070 794535
208410 362206 857212
342953 391155 624569
202987 346732 463086
112583 174665 537665
104601 194358 864681
310782 316455 405640
245554 249493 594143
67037 378185 660563
273065 293960 864421
240708 358557 720112
238777 379981 762944
388612 390308 680180
116743 149843 509994
66015 301623 364281
382063 385868 231124
78338 158312 320142
276762 281960 147415
356254 370257 59448
227843 335223 55862
53567 287023 294435
234230 310248 825152
48487 378705 227621
205599 382365 253244
127835 196996 241447
13729 389985 229377
67668 176680 387797
94533 332061 481723
96750 220508 414039
383544 385207 39928
84636 319201 616815
146476 160953 413326
384112 390038 332473
326269 364012 313090
376260 386042 22039
180023 269991 552720
379433 385596 522665
329959 384166 769058
306582 345590 82406
26308 356287 77909
385680 386102 470738
88983 285847 87443
289763 361659 535166
320440 354345 362222
120618 213403 955367
181647 243343 645049
230915 257005 647402
329505 342269 505310
212934 276740 660930
250805 336811 976454
345779 389097 425399
75280 168098 2623
248157 260572 876818
360540 372515 415983
279473 312394 18948
385981 391504 324974
14028 136583 136783
245735 290726 371914
210063 262322 846177
154568 264161 815056
63818 127286 956441
222264 255550 688829
374440 389524 255354
58312 338389 25755
95329 178137 942018
348272 389823 26104
122464 336150 998477
294808 375083 163007
372676 376389 569151
377960 378372 562066
172316 298277 302585
262396 340902 403434
90757 339639 798498
149652 178939 981451
329665 369303 905245
22202 161253 206795
280948 374195 496040
150806 314085 267593
180961 238001 184520
215658 382825 882635
26219 339335 24710
139330 390758 686791
265796 318627 299680
390011 391536 397872
231318 320126 636233
331599 376845 19659
87273 316172 83452
97516 185740 849799
201967 383035 602502
169527 241124 642022
154751 198401 716839
367389 373807 70277
177570 351028 107270
320145 369637 122330
25491 385366 898527
19578 249093 101762
74536 223512 15622
335497 357762 801133
103812 262477 122033
301217 308437 610501
359281 383722 988381
243043 331018 122731
85121 329401 675501
50171 363057 239963
387374 391627 812556
52370 90392 670033
139562 170677 136204
294463 338737 163226
359361 360223 368130
259411 384081 661691
38515 251922 308571
18489 134264 795551
56364 97867 116474
235619 319011 358485
318147 360189 337802
17878 94648 879898
388857 389263 870102
259724 285548 346715
354963 387780 833069
170217 374314 394590
345988 346179 231530
192669 314850 141699
64156 197724 784441
35256 149035 553151
386770 386854 320711
341062 375262 551216
288029 385165 526056
200331 373652 292611
164435 235940 906800
226704 290085 199328
140667 299415 144438
214624 276087 904021
315172 321548 143007
191560 388603 685234
375612 384164 605483
295140 376068 991154
134956 352033 516330
128683 209263 476885
273319 277330 554775
32991 182845 179782
334515 350035 687740
200657 234834 769174
192809 363361 338748
7978 124484 59469
190162 322330 304320
152041 232090 835826
151479 275641 51143
174792 326791 338435
253428 288975 452026
358981 372272 161153
9480 334701 400453
376342 385325 120072
318591 346006 538353
366886 383799 91822
34698 128387 951233
338126 387328 285266
237099 359012 504040
30060 299458 97663
146215 232223 968918
380029 387393 108860
185306 378694 368481
222889 226363 47209
185567 227658 12906
96361 343718 270041
343535 383506 473203
380058 383094 128842
82866 132951 407287
1772 289620 316758
135545 168692 749244
57026 144673 843118
92659 120369 907070
125339 263388 298780
45048 315923 783396
371520 383796 717326
224330 256911 688874
278874 309429 319762
141620 277161 238918
335170 346093 424917
176027 263583 55177
141313 341832 725195
93469 191161 847893
66438 174598 282045
248206 251053 363000
63811 100368 486105
363731 387980 938096
234628 279752 16050
186001 362929 686029
97268 191262 869919
275992 297924 280763
300256 369372 567258
386441 389796 794015
81577 308215 976799
149157 308941 114698
268016 371697 165894
209734 373097 79496
68759 206412 79805
375928 379293 670324
226695 265898 847120
342051 370668 855877
270996 299418 862864
49928 125169 513276
342472 372683 829125
336121 381012 154088
324369 387888 79530
389211 390746 81775
323290 335235 877349
207217 319653 282493
202740 362844 49017
96644 375411 322667
129141 255776 884446
259179 304079 3626
189378 381965 999880
198806 383904 285217
115869 179586 487068
145054 325034 162771
220050 360454 226720
32129 259633 773781
268453 329041 485470
66750 335914 357883
197918 258651 994472
199548 327032 44653
233733 337961 999579
53401 146618 959758
201220 360439 213509
383303 389247 127636
96594 144941 381920
345435 375316 922418
221053 347250 556464
95566 204032 792527
152473 176580 455656
183237 299492 294
62904 287098 426890
129916 228482 389063
308863 391698 736073
195209 234164 653345
274706 280650 479356
176089 211983 822121
183364 346716 623905
249026 340693 224531
66380 267188 996647
80973 88261 291263
378102 379789 266913
258408 368818 169540
203432 309706 733576
34218 223099 343578
389670 391752 146286
283278 335811 446106
334179 379019 786726
137405 388335 846734
114226 311832 210325
279406 293529 197696
359585 371214 170890
120738 136304 502175
315473 345270 45595
286929 305934 716490
191469 342237 830382
133899 290257 540419
244080 247216 445484
303914 389261 503517
58788 167982 72259
115099 143778 346061
180007 247618 170454
193203 384213 148616
355383 357824 616867
353648 380303 783091
279734 380653 386382
93309 344716 970866
233742 249763 671526
19074 66557 819491
172836 380984 704585
261712 298589 789390
138095 143214 577370
80720 312854 155931
152143 299883 677241
333483 368978 572423
326017 329618 963606
260180 361148 941362
63097 137298 465466
255679 362605 12080
9990 102311 682375
224484 270501 861720
15533 245108 775697
200363 331043 959394
290635 329409 616438
278119 341781 839999
298396 384408 4587
52870 65514 552854
123804 311319 868871
192685 258103 794118
94403 98295 152153
97279 209144 251977
293955 331466 203119
370667 375841 740971
304960 307380 346536
97479 131695 990960
208319 285069 272564
57976 78584 404993
54911 251697 175600
203093 299893 646356
215403 390319 245922
344863 377163 40335
192719 248905 299946
75266 324968 357879
104715 344010 552755
300047 336330 702815
279999 390106 681468
136985 160934 105572
121320 313163 237114
158387 322210 433928
262895 360895 561666
215012 328943 484051
132618 236430 397996
265981 349188 864979
106442 365521 225934
37233 368728 919691
266273 277130 529209
377935 384365 865080
223388 244812 293687
300435 347929 721045
225579 295415 809436
389550 390430 955378
366552 372929 284445
80934 176327 109499
292502 311044 277790
206646 265152 960118
165878 256167 762461
143354 371775 439905
16038 44252 242049
76956 138027 477202
82914 198621 75151
205416 236154 720408
345348 382725 685613
266232 301282 850984
257610 313262 312039
326185 345449 104550
45329 295647 297913
330424 346624 465932
56114 220431 173695
5890 177125 482998
236048 275584 869090
12488 336739 802124
235148 390846 13284
248610 365584 607243
39894 148013 178817
223967 383692 37234
234973 345634 379977
310983 328734 595449
117152 190590 475367
242436 246127 526668
294500 367861 498502
61143 116474 981842
17914 318997 130880
185462 261546 60314
19749 319550 669491
45326 117143 324079
190851 296015 104348
169161 369181 717686
337931 353293 390863
127305 233770 216949
316812 345526 90739
241107 263068 318346
17825 208400 824906
72661 306086 425909
215737 231735 95675
97624 241721 339723
254822 350130 120321
207134 270126 991542
61204 141098 871866
206475 377005 669916
13890 320852 855122
344198 358178 771245
48787 219670 112703
212911 380915 464205
308011 364685 272036
73552 283032 11507
245662 251202 383357
234736 265352 253401
69147 388217 999105
195957 302525 73457
65119 321992 104418
73880 351391 752412
281424 379318 650973
153818 249442 935559
187010 273047 9659
211998 227509 276051
190868 240158 588870
31553 62135 757
115629 365061 375486
27309 165272 795521
312574 365337 787694
105151 316252 170057
335194 382118 326246
40818 316893 96802
234949 319415 568647
231731 346709 102703
2340 20683 201352
244868 318821 484118
23666 132450 823446
12361 106489 727228
315380 374454 598366
54309 309926 857008
252210 357853 288687
220835 388214 338569
217833 254891 180425
168560 206920 303146
57482 359080 607506
132682 210375 350072
258409 285454 984646
300965 338446 366514
52630 214800 74901
270129 337654 391314
182462 213231 264320
147312 171221 779103
327283 360994 502431
81071 389158 894954
265414 307072 552371
360651 376275 286458
107211 236979 668872
15114 57364 743556
300661 368125 604382
380184 384702 584812
208053 245670 982567
112259 240510 752453
347702 362526 85431
44335 202048 422949
18395 230442 583324
181372 212252 289617
57637 151488 732500
299958 328239 82154
173307 192389 397373
240656 359058 552023
285422 376150 686295
66284 70265 89623
89216 210264 442746
162951 331015 850713
389163 389551 583256
166248 184921 571901
376428 379201 527899
104113 300385 830597
259212 375291 762504
390612 391660 199317
62893 115332 307433
601 378236 424956
91723 283916 287944
231065 333897 467307
155438 239308 456918
119141 145518 667156
189983 308186 574391
2332 216547 225150
189937 288238 965383
237005 288111 439272
72646 97280 473317
88746 336590 932724
365397 389053 228652
192230 197035 217322
259568 291732 809415
311152 348251 777650
98011 338610 400950
269594 329268 592014
247974 325537 588750
207107 324872 25235
59728 93121 462543
13276 384390 383897
171256 209065 703381
103841 285797 711351
378268 384946 527717
230633 341499 653577
255353 263257 290822
364438 375706 280494
202171 328890 841895
286801 373381 748826
337472 372252 369324
194540 259723 81124
270061 312829 698429
137938 202379 345321
272582 317836 448948
380644 391781 515265
135708 213393 838506
207268 246620 448472
55180 360660 382828
363108 374142 386293
258670 320657 160789
204827 324800 853971
334953 384361 225101
314392 370599 767896
362372 389364 468357
282668 314167 220330
223693 389811 432146
175467 336497 255967
165947 344750 985171
170961 222466 256713
353997 383622 609885
110547 311409 422599
85607 171588 512494
271727 364370 362324
365626 381314 839866
147212 198126 197769

864004 987 707657
462274 625061 442377
474993 505962 992264
546456 573175 624375
524373 837915 545989
141217 275042 179320
309213 457046 586947
358115 803773 409129
353886 829841 895169
78783 829372 921456
806664 817472 892213
703103 744395 194562
644275 775389 380396
45120 397387 349073
345205 850922 237799
568056 698582 51179
547931 780611 604178
768253 826382 971322
831367 861232 199730
86392 370225 833768
666871 753562 235416
798539 807557 823269
329762 330955 113171
654658 688662 390479
550538 757293 284098
1469 749201 444608
433869 619004 171754
252643 477651 107839
561495 637547 482437
562385 571467 760563
105262 554427 710514
799217 859684 524408
841520 860072 339082
87272 151679 482965
506465 569926 571201
772602 826953 849030
672645 673982 515709
79433 409591 813401
605120 775368 6839
282899 784783 737921
623934 657622 340407
546658 803106 776788
422650 444066 19855
233173 546890 789762
705251 724097 712385
28078 363214 894761
304899 815118 131423
90059 384160 518333
86537 283716 862209
85265 302494 251493
303108 664064 414386
63037 522972 517013
452406 532196 679546
684439 694614 219383
223118 816755 117585
334784 510019 201508
213114 249448 322620
121053 128513 99644
52499 488930 353850
678931 850700 144341
615776 692779 945813
275097 496288 351280
697676 778339 684845
358779 551040 564447
236667 522573 997161
261411 436568 30524
403598 801128 763245
425973 794386 286392
205502 863718 165646
241107 421050 104092
6995 23869 882227
51523 526819 304630
648902 653976 294011
785386 795382 766570
490340 861006 448031
689517 848040 636090
75533 337477 556744
551397 825973 326932
795840 861003 829922
761089 770811 608828
344278 391296 510212
411737 638542 894600
234266 611731 523410
448341 716668 789816
766721 768820 434876
817593 835348 277703
150896 306094 659107
305112 757559 256293
193999 706668 105487
513044 854724 586534
373652 782389 898593
17773 461401 832024
418430 703944 701736
16411 84987 676100
381598 607747 850403
195923 822148 114276
382177 769279 886325
621843 669458 998874
695225 726916 569955
116527 481447 258700
288432 765177 13230
766423 835328 670124
753077 859258 744231
222777 350668 168369
444296 708236 114381
188746 605504 636184
595968 638355 474605
286749 514830 169117
480423 564140 435283
590067 768332 174821
179859 812666 148409
545405 582674 37624
796184 861387 317044
717594 743490 91271
491903 548859 244125
246679 338694 708157
205614 520175 687300
637588 648206 840696
187888 479379 88837
405641 477453 98554
686088 752590 784486
443827 507223 411193
657943 788160 849273
263568 380187 121805
512777 816981 252999
14583 183132 996424
82055 516197 668861
284994 356767 92447
204752 570228 203011
231210 798176 893231
251265 785966 777822
33064 493134 682275
520260 854363 77514
519323 555771 849718
790529 812083 590833
14332 50217 773018
761758 821346 679388
36335 540178 165862
324058 446740 152212
749095 790182 678593
548320 651082 781187
372338 545553 161536
731559 775349 387549
58638 770008 463063
37204 623558 994974
623529 815721 737620
815526 856752 196843
260163 335841 788290
27425 250787 50190
786685 862884 81052
227406 453945 172440
266610 783942 442510
787186 841589 409557
95163 764058 293155
844335 857149 532877
712791 833151 51453
779965 797953 568127
511734 774356 813193
397324 597231 671640
476817 480326 360573
463227 581966 724820
403024 544611 622524
229630 817606 150519
822696 854141 966895
291093 835975 652399
93011 318559 187554
193125 209511 607480
18039 817845 176521
10341 328048 40945
269430 608043 501232
354409 387535 777719
226198 693256 409775
446179 709976 361560
631270 756956 200437
707397 768135 644784
366103 860567 182493
122087 293377 329131
310008 654324 388575
435520 688679 577865
838631 851151 663054
799294 838629 856293
689601 713315 88741
152060 244454 694862
658651 721846 338541
672508 771390 75050
393326 412090 300031
176345 539853 743642
483581 755861 210175
93183 465613 497357
22472 165996 320708
32344 154410 507695
749443 759919 549618
92834 614288 465061
419684 470949 880158
8388 597399 427364
4899 449850 836715
457150 707560 689968
218961 473668 502354
284913 681129 636226
244401 255964 200693
550784 627554 365373
642740 798086 252883
673735 709414 189795
781555 823894 785042
218434 392977 643298
251869 415185 328206
553386 853404 665195
475232 851368 105159
550990 562136 92141
622337 731946 600014
807840 841849 637880
274089 595037 242049
634331 814229 391179
443170 744633 731650
415628 730857 467469
635734 807476 770635
373780 782897 599742
64004 375420 127381
74738 605182 40176
697930 856768 13665
813177 832999 105722
281373 646633 112815
498189 811475 398763
502551 859026 607531
625179 838798 291885
523623 830907 367942
342538 721495 861881
821122 832827 510364
280370 404318 774360
829792 857495 140576
501440 665970 513733
665232 757899 35087
751765 863233 14235
793103 795590 97554
594739 717382 963421
296207 552135 136863
390472 752935 195747
859325 863849 220536
250405 380260 986140
745620 749010 822019
684459 750088 547233
461320 786724 883135
821758 827571 262423
174055 341466 484741
759871 848057 398067
282522 562151 995373
430058 845420 276352
445429 685727 611564
160976 735178 393455
412912 459203 632129
329247 434150 900488
198420 641029 935221
122046 721824 983218
79538 448569 737885
198433 674724 790911
862898 863117 686291
121281 593811 195001
136914 170481 452832
160133 523075 114537
581254 719523 815728
70799 731209 611463
547699 773469 596656
568634 826161 205502
794575 803835 568882
796702 835391 303060
841738 854071 484018
64846 800624 184502
389764 437004 192077
640868 768537 871329
580031 798785 537544
187512 853888 458103
129014 155721 588675
448717 831840 880909
399137 441330 892951
468136 504236 557757
313872 487129 30558
497019 646726 224164
336252 805429 170136
494081 733790 644982
275365 714162 834415
591502 597384 950667
699266 847745 772810
67497 651193 856488
112503 146621 31355
303992 690662 646267
735735 811523 861854
835112 837150 424881
350706 663295 55340
103396 735243 324913
57857 447673 139907
647526 713996 86004
744137 766237 445750
694603 699082 515658
59545 77959 471377
485299 730187 265772
478619 759871 566120
360269 558460 987781
239069 563457 953072
532882 602820 246887
328826 680838 748141
615931 664456 992038
781890 797832 934881
686065 827329 385786
862375 863676 706532
220349 364077 712870
472090 688548 445387
549559 566748 826849
550604 749112 734928
351248 542614 273240
668117 672823 335823
262540 404379 130318
545600 804687 995369
282975 736613 534630
196027 444906 993309
115554 719549 614378
623867 628932 505826
60189 432048 172324
714488 849585 475636
712248 848659 406180
792736 793100 467157
782459 820489 59062
282028 786129 488728
33385 193887 226188
678905 747726 750397
367318 507779 211469
227211 242042 637065
628910 776177 652619
520336 619966 516478
441342 523517 578879
704694 824619 174701
611085 855911 543006
247073 584972 865865
585369 659339 985100
394672 666376 32611
630016 845189 74114
132411 162228 871969
850755 859770 289283
235430 634606 553908
257141 641534 240437
728383 760195 784002
546291 695390 174355
571580 786639 686182
737052 767205 105310
789970 851832 654644
450052 589994 231933
414291 422110 25593
769267 792231 406754
506591 773117 759356
76862 658634 521690
731378 828409 739031
319766 833695 682861
710995 732911 431914
271698 484168 156687
235054 558663 667015
603297 842745 801355
357752 739987 679189
240328 598441 181071
660638 785902 447066
236038 313127 912619
639837 674103 931934
477179 536284 244887
235613 627609 840470
560362 738067 8104
364218 422363 701978
316655 590799 122940
664170 706700 157263
354733 845432 636923
561269 639873 245117
754554 851896 206770
468407 842139 644777
800950 851417 269002
389967 704968 623633
46332 235032 128473
43569 562452 334245
848537 859613 638791
669598 673334 190222
425438 681097 580077
372669 418795 940753
757507 777481 855711
792348 838401 311061
846385 856706 463323
445024 844222 532116
339049 768660 321796
135602 694083 721246
848592 854283 81162
533453 824013 673225
672165 679046 847465
330781 615234 393477
424001 845783 436639
166578 620485 967450
83671 395236 587139
408010 636809 438478
435459 722963 506406
367257 820537 917211
563005 619561 290341
270186 666191 165716
727694 768562 17555
641163 744915 264622
584078 843944 95893
50480 219933 459674
803797 833895 217419
509357 824698 842965
539846 780678 334183
414618 454006 507174
371504 659137 979141
516282 637885 202745
148090 192453 148760
150519 723447 599163
559112 824348 511508
116266 397380 305251
98915 552820 572918
546828 794477 889557
49978 260076 219056
673842 831471 855636
807859 815435 411538
727070 803844 27992
688725 859448 546269
708393 745871 14131
539704 762398 726221
471541 819381 776806
563431 786209 657876
167347 323389 835204
697467 847111 17155
406317 492464 639791
258492 757262 133536
177868 264696 967195
517102 608831 816937
856620 863059 955844
575202 646706 635504
603915 836244 152585
827697 830383 799012
750996 751645 507299
436921 525138 607727
21425 398568 868331
844595 863140 53390
259650 633355 98949
109691 245337 303376
844776 855254 369983
418096 760826 529565
809728 834981 737047
118714 752980 442705
270043 410637 433193
475108 528926 58630
194402 722681 73189
706234 857517 705195
676270 678883 328165
410963 475362 404311
92753 812515 146895
421474 850001 596211
665857 752913 898338
797792 861464 722605
36312 823164 776999
194940 347598 425898
212786 369446 462733
36295 280560 252755
484245 781564 911312
123883 334809 4897
400386 774467 287058
123509 380653 862093
249971 674278 902952
469577 561369 308528
832256 832339 446715
748820 793580 519902
846598 856995 728695
350584 618978 534908
527123 550218 789148
604727 750441 453380
30679 56367 487208
162243 386976 398377
362064 459737 622746
672177 776013 801277
387705 415021 287369
300614 751535 796865
105547 452413 115313
645104 730511 353637
130078 627938 178659
253005 493536 82878
203763 428791 943213
210778 478023 906198
114807 837423 597705
396861 556283 66209
415323 502655 4367
499416 687132 774838
642738 835775 746013
32943 764932 225443
61495 826218 790987
174899 772511 140
680037 808124 114405
79205 609254 301945
81329 283948 433438
276762 283354 484391
56116 822283 916135
655778 770314 17152
71676 637433 643728
33253 548437 369962
101566 207531 602016
509496 688493 194938
293982 657626 530471
103779 855564 918378
742007 744791 493965
142684 838486 211072
456500 781774 260644
114149 527165 948537
614693 729133 888370
193673 399740 761902
343250 702455 947855
722232 788498 66715
67674 201236 442202
484606 522618 731675
811254 821833 487259
99154 510169 179964
342053 414676 92442
479165 747846 186487
272801 413780 32765
448394 688708 559849
560693 669693 83808
738018 778169 294735
677436 716932 892521
700789 828011 88078
574114 657486 931026
70475 120082 999271
590269 654141 837745
688578 772359 391890
412456 571416 709773
842887 846035 570653
73081 165976 250803
317366 551139 180685
608395 732609 989789
344619 587307 512254
768200 810587 460448
740079 782240 71027
233625 627928 763745
648028 657496 609865
768560 790611 887197
415530 479945 130929
862474 863850 475927
410063 747176 991025
233435 369289 955477
597683 690695 783436
305485 601650 550323
128417 491507 587102
48928 146492 113694
153773 283562 700482
402128 742286 706548
260823 832318 758284
58416 658113 176644
562588 648666 363592
500256 572440 650978
716270 736423 272523
774243 817003 944123
149961 372644 593758
825812 863063 86735
792167 806792 552761
648631 787127 867366
615044 696398 478793
220197 767225 656675
668507 749143 127624
639058 750970 622803
486781 783407 462994
425697 531480 475405
560595 775446 949282
400198 463538 851791
45064 517812 664062
118323 375040 260836
96113 830579 224898
437903 776760 340719
394398 403106 577797
446659 620250 559687
404820 712140 625515
44525 203892 366979
60042 807967 163551
457768 637836 298249
465585 760410 561323
261877 699252 532933
139786 832512 801764
784503 856528 652862
77763 590402 219322
806311 820132 593933
503476 562570 894891
495515 690114 34448
334564 858560 475031
468147 635565 319275
8058 771798 865219
340862 616250 160605
824359 841302 604922
763405 791062 902554
180246 668858 77977
86304 352183 902122
413245 506610 560758
563930 762969 183143
7880 667354 442155
347239 494046 407533
111025 310330 870305
324371 854164 679015
750290 792393 825740
524078 673161 423988
654489 759357 702728
135626 662354 437859
343313 482567 905697
371857 795435 671885
160476 342647 385631
497253 514593 559179
822832 834462 162899
664864 672669 160563
543002 563451 455601
413322 615681 948429
575604 699095 275331
42977 648605 336480
516098 756336 641979
270837 827129 369309
329950 379571 460036
13038 465671 357119
41328 613205 55885
349756 752872 482987
770998 838442 552178
687487 852381 163130
503682 548795 125193
203661 629992 224576
290569 615635 559025
739157 799392 212198
779656 839714 224320
806150 806777 838151
546042 659381 633613
12710 400998 325865
17121 577448 84072
529153 578900 409774
474267 574953 284041
224707 277790 252679
630871 659647 24772
95299 96802 328473
769405 863568 51985
75318 759946 743876
774711 819139 349271
639733 860970 874928
516502 666582 94154
371130 443479 603591
584289 660637 714912
843070 857061 89746
41294 78302 237368
108698 109559 179490
588236 612171 593612
75650 256896 35855
180004 394137 309335
349324 502946 459546
427943 521617 118057
137128 272909 456235
683989 770060 947500
310414 745032 781953
101992 635657 393355
594711 672171 453065
477794 851954 788258
37064 307420 995479
693658 830469 787421
445473 499537 582513
666302 800729 755231
843771 859424 597812
77264 446878 561078
429030 669098 819744
595324 810673 327187
325538 436032 333637
87428 358322 144948
65999 607512 937063
504208 675123 941941
808387 857852 70151
536709 854734 55964
540290 813429 875805
180370 533331 726641
158994 833618 901047
125511 782806 520403
552932 771470 969730
412652 615632 558639
364214 863042 758029
797072 803093 648123
133351 816157 963448
487557 704276 520614
269131 347771 568171
20280 686337 128906
496054 735846 200689
16703 76963 86659
787734 827168 57153
601737 615479 784036
260224 266571 879251
281900 833465 108670
751801 788082 31563
846450 858441 440606
825495 844023 681387
206559 439479 392911
560693 670824 378006
754975 755848 375961
196129 846594 800964
108889 516831 404250
795683 825898 213241
834958 862392 902507
400538 507476 501462
314826 726525 914077
196911 250016 759442
422159 806919 811481
240888 652709 371341
781504 789912 134573
160160 270063 84121
27890 404675 445927
794860 817060 551488
359652 764487 126739
704774 826016 101169
645545 793177 533510
56782 633517 286371
400220 566299 114147
86031 850449 8780
764277 804090 234472
363467 559967 845613
224377 692044 182088
693964 854232 128790
55421 706419 65746
737303 829628 82125
480236 611835 34562
199036 549096 794150
616141 799121 419653
164976 432557 802499
71193 98221 737354
745599 784578 559233
786339 808953 521431
230136 796955 180804
564585 711086 966607
309555 410023 860897
39408 272111 439961
335205 595333 302008
265027 818817 735128
754602 801943 442177
81768 654890 133527
421052 459972 52728
773591 810681 507493
405786 756932 892102
639481 688610 702081
558644 709614 257887
719631 795224 19513
510721 618286 480349
577118 629128 879380
496253 686219 529193
175674 329401 876208
686228 686905 598443
258555 772644 242172
97887 657526 961785
335619 457302 312285
265324 669023 148916
285780 801931 584181
66027 773780 163293
649439 818916 662880
104754 825583 122158
249748 446493 942261
138843 651173 386004
112676 686751 592759
78854 137035 371416
656925 661781 286420
429344 645557 776667
477827 578853 885656
67942 220752 329712
667744 853959 316336
1040 394646 85806
301843 394707 494741
851486 860822 472010
564433 657322 899740
785444 837416 183782
383741 566404 928040
43155 756725 523035
211644 335323 894390
61608 567766 484544
582987 684238 193632
429420 460576 831031
376077 750266 553919
162386 693504 221772
625560 652748 933324
30488 157330 715496
378578 387008 180294
823508 824778 37514
665536 779171 434157
267344 672046 35436
63534 542651 699270
573059 786646 761575
801754 839451 60979
505517 799120 954311
497875 642311 664576
258804 378137 854266
24137 631670 301507
833033 851432 261620
847404 847598 496465
302562 446910 355446
233244 292681 464617
474878 750146 364525
745418 803795 544368
274143 533964 842753
6481 279142 47196
559730 636472 613584
105846 243201 708543
61460 791399 634737
284020 748062 800105
515835 821391 878111
509193 801891 937110
450925 527444 739835
437742 514767 349461
467314 508138 648236
256841 863065 263662
310234 360293 49509
677650 804004 806649
510849 550659 478644
633121 769914 425080
167871 434146 96594
659173 735969 419860
68074 127982 890031
159454 198218 643261
856488 856690 146724
850541 850860 209982
641752 677625 59538
58078 617400 515063
863960 863965 609090
103344 809248 307512
638038 826080 897172
564454 808877 585114
115660 787141 179944
321015 697129 538811
279424 591987 624374
738458 824764 435595
209683 799144 327985
655411 748047 980752
754894 773318 511131
278521 438836 424021
18749 797835 300258
578063 761193 328518
837924 852615 442091
179093 748116 212686
103608 489937 166857
560604 710412 925186
189618 743107 228657
21169 278073 991142
842815 844696 571746
481020 698078 290759
295199 791695 747396
111748 791130 795822
278732 743902 97302
14176 396535 66135
594342 611065 647986
639723 681542 342926
556512 821017 363630
612139 666761 737712
519102 862758 639143
472793 515132 592255
396562 441812 513918
246799 270649 371526
481267 555681 187810
511480 669253 555296
836399 852248 453255
746615 792390 511758
254028 540755 9223
157148 474124 456693
578386 708319 481804
325145 650864 331480
858655 863764 89452
284782 743136 424626
215561 772632 5385
631175 644296 893787
617257 661644 994881
161253 644350 764768
211443 607900 200741
547593 783537 652782
23951 741107 906387
427899 638813 292978
59515 67493 236934
401818 709851 241971
102709 780992 186752
163398 642520 582908
385602 432214 406048
100639 566374 858759
651188 748029 349309
422845 575858 103880
628434 753803 153418
796986 804317 878894
244487 247979 823208
11295 733312 116673
793724 834234 16621
813146 814805 232965
32438 743606 24527
404323 794367 493136
785359 813017 903914
845602 857163 131785
4394 227773 732963
254664 518091 303243
391213 473566 287003
264860 620962 931223
231867 304568 245695
42922 521141 815827
748962 798027 440027
660603 669797 147568
432718 614599 644742
46069 332204 801355
447627 621285 135616
777382 812734 220354
457417 465651 977663
473344 502852 396084
388673 808455 890225
780879 781893 930993
423446 770274 875142
312635 378962 246917
750728 843831 163828
630289 723211 2192
242299 778902 769510
154478 492524 822810
544457 713664 786591
611019 627959 739358
830467 849636 149762
688070 755682 831287
28918 220109 736817
221594 769691 220334
131935 644061 309307
592558 834369 730830
775479 777674 545568
586220 696612 497586
553861 761511 411713
398035 759708 251203
18033 138539 644274
122419 380027 736720
314109 762132 925427
759940 760401 977219
737580 858881 384442
308390 484546 50071
641963 808382 258665
696987 716416 645972
498300 749414 743829
189585 333225 688411
725358 830913 288432
141661 346691 593128
731334 740376 887318
639271 717178 921083
452360 802877 17776
745849 805273 563627
358756 719261 920748
45836 571454 76336
430246 698299 488575
804658 813801 912310
336803 657659 435112
764033 789837 959155
304151 860647 489226
382915 823017 748590
356365 433890 421653
823601 844178 442122
281731 516926 889001
561806 840311 415294
750695 767830 936138
140455 193691 796695
655644 817993 994551
200897 789746 37694
432780 580471 248531
530843 672185 150064
536866 644178 616599
485598 785291 365999
385027 599105 954389
96984 349857 255127
345909 839772 819872
631929 850408 932986
495350 646812 498612
191680 794669 545531
655774 862525 327006
461614 643065 14763
578978 616144 475661
614229 831101 359319
472281 849866 292812
118407 312219 961015
82294 427784 852781
226421 407194 289308
450089 686151 92465
316093 465639 435447
64013 754358 755250
371618 586654 902845
542407 813119 137402
720311 852725 114877
413685 491448 477100
43867 490274 62918
534877 716617 539863
200709 761018 662699
525368 745137 998213
351315 678844 717459
306242 434531 104927
852999 855282 308727
319814 507506 533336
74017 557138 203340
74103 325743 109649
97060 658664 146313
234058 267489 772982
433410 478888 76018
319590 435033 385872

987895 216 614330
468 702902 752176
552439 577664 848239
798216 979714 144906
605200 680401 352234
513989 705815 895343
396564 881602 455720
675215 858499 564092
632711 808730 931291
716456 902464 903126
473660 852748 817738
872208 908424 827151
747656 833159 268483
976290 987615 323351
422050 727887 488416
810456 948848 995141
895898 935509 196467
863061 945800 407258
438842 605799 206811
335026 431707 584315
977192 987804 546503
400831 817500 702760
416923 972806 446681
941859 950448 574948
415579 607402 454879
743729 921326 775231
690250 762350 317150
100633 180937 441207
678365 907905 600576
13313 411325 22059
184942 984711 736804
87250 682916 245406
285358 349375 204539
891701 901576 977132
758862 819994 524165
120532 350559 800814
514938 538399 122976
206405 513861 117571
697563 816496 283701
640160 825422 832599
9470 311558 328472
52071 435335 419364
752406 875277 175366
987806 987827 634984
306669 814947 378341
113793 222283 232987
318131 857174 873574
839696 959377 191802
776730 892168 766137
815571 897203 892088
309028 687409 38936
252716 723654 836807
477675 759420 497736
555758 765653 730652
343500 701392 885803
708687 985032 814488
914242 916791 684714
436270 449850 87848
619127 978638 899952
219741 507613 929282
212383 299104 489755
343886 620492 851533
313921 340467 520208
812852 983864 543929
332586 428305 163162
941009 980524 494922
921341 941337 571874
664131 678126 672927
337909 529033 933614
945946 983046 648126
726789 825520 627558
30734 782929 965946
191670 251700 399721
219245 287688 230361
313487 756503 11056
428294 904882 903519
434918 649244 858085
699398 927367 475187
760682 939679 623807
484963 490439 904861
51993 519521 633151
476261 877045 915173
111409 363762 338707
3357 163984 190672
499670 681663 675232
659270 850818 704464
381157 843620 873619
783878 972355 241442
3814 816987 359595
548259 847167 509303
801186 896158 105430
534039 819835 363796
316326 704386 280747
344095 700261 31355
775047 887107 167807
265022 874813 653912
893710 932985 341970
350464 516197 782869
21833 448588 423766
789816 834728 448342
822454 976691 483519
14707 183038 193823
3419 336815 30058
741879 923061 815619
554396 684897 892295
40628 890390 685025
474652 940243 959301
127698 851890 571350
560441 767304 727143
807677 948604 387400
354760 821451 480048
638914 727216 875717
609047 957629 13879
291448 491845 156355
271373 931344 9434
351349 645239 44211
324564 984759 123614
874643 939448 741329
474177 668533 485193
699 366429 916842
732032 871428 458733
333172 960137 421808
310361 865204 97050
626071 737713 844571
661292 852529 798339
91796 956581 284641
602222 800024 702842
449694 970459 660809
898336 920776 143850
475656 739521 317684
387553 937730 902530
872408 882248 903118
509189 986895 408301
94444 160300 569627
731233 802333 95675
47844 204404 865092
93488 290628 913721
770394 962990 538868
330774 368694 423988
1157 582896 865932
209256 872417 256733
272534 890040 306628
942137 953486 458028
503201 809887 29905
809786 907799 860217
405492 661537 934235
598834 674736 546851
379502 910305 109184
427872 547560 574110
644947 905026 345894
640305 831402 721955
539817 698686 834100
559513 617329 962532
743893 772780 448070
735952 987706 643170
216848 553145 34251
86892 649343 68678
805402 987544 63553
199539 736956 446232
435433 758045 720319
24099 402305 58044
598933 935101 839230
487835 845512 334550
942586 950656 641024
120997 358949 329725
24997 538315 876857
520214 833561 804766
942127 964373 291789
179822 663061 934073
392672 896238 82875
641988 955945 134149
478696 859387 6531
680853 937856 452727
670516 898882 205700
411154 585803 806684
871358 926662 831475
395928 960163 495682
424399 895315 462638
933467 950820 520542
529033 905826 156743
630589 818659 175215
600217 866314 106957
143032 443872 11802
433127 478899 175603
357812 501529 467325
24662 573466 998782
96924 369558 132137
745709 914994 704582
123497 693065 320510
515906 754743 718139
160865 503367 308055
69564 588827 386942
233797 777044 603312
486867 833929 585611
910383 946867 422341
185364 190176 937185
415933 852758 95445
915645 970832 755141
302463 404101 505285
102387 369762 336052
262019 617037 30054
152303 311756 770342
67393 207595 146215
129887 958656 544915
450512 923647 810311
943610 953818 514602
423794 851762 802918
130702 454951 859028
795328 835189 899744
251154 479740 830121
112115 311859 703548
962496 966079 200964
918767 933945 200834
241271 947544 85717
2690 371372 371196
432517 490708 730093
801078 886861 149630

436628 135 306888
84522 397431 342852
365258 375541 248804
185999 338767 550133
34243 288833 157979
29061 51343 721531
94817 328732 995459
26232 315008 52875
36705 263848 350323
160731 347349 302346
206727 383992 686720
314450 361119 518936
320932 399328 368561
118293 394918 536078
136649 194074 167494
168342 432315 781646
273952 364119 936557
6180 253336 155449
1407 326469 504631
165914 417197 398639
429290 429869 924675
28180 172025 244399
173890 330770 387244
72416 371615 983663
118871 424707 54574
263728 290326 465634
421139 430159 437641
385796 403316 923991
143370 197362 618448
97165 262558 987907
235280 293559 722510
269936 372642 795193
97032 398437 668320
368009 408141 760657
29605 45661 775418
374920 380882 639649
261314 296145 751202
25266 53245 587470
416375 426337 268003
3633 25365 525338
168531 280605 782809
246648 397171 673585
201135 271280 217481
405941 423262 231082
79000 290272 84332
377699 408727 201709
265534 427889 880674
31129 280834 13284
163549 358210 109281
223734 246561 590925
344208 398948 924519
416814 436064 51973
292724 436186 920790
5396 310976 543039
418966 423897 373609
428422 429047 678490
176136 315556 628050
345222 387312 844861
414186 415106 881165
58339 274743 705623
217078 289903 96214
60464 417693 703257
130344 273258 96354
314370 324607 867814
178437 409338 28249
299111 304769 689178
158719 358261 683969
65669 378295 224434
249643 411281 506993
348563 368334 4431
20132 40945 567385
332151 429892 488857
406542 422477 219814
166670 414295 843801
99486 366844 201959
257522 300169 731197
220640 355591 208909
275772 284190 218009
363507 398007 643012
247494 292049 633021
71690 298602 734045
344634 380398 549191
18324 216489 301004
272936 306399 520503
305346 335967 67608
140356 273296 357893
192361 314771 608546
265200 274002 935453
75327 229781 312423
143428 224270 209923
27896 409931 421514
257348 340316 643508
387086 424858 315977
214350 252266 832522
136043 422624 572650
163444 329477 947261
124510 331522 844529
42118 427955 385654
262168 264426 766223
37533 376186 195891
34720 85798 103946
235762 339747 670014
285972 306653 721763
48112 297527 926267
86588 258023 761697
107550 407111 960543
307217 428039 39946
130970 143676 34935
249125 315146 389264
114614 122681 862995
261270 422533 11324
346293 393377 493351
13667 37107 525990
263633 431610 631534
364580 365241 859500
85284 152600 229405
36250 246193 811827
70983 273655 987420
425493 430163 929219
19844 226953 344483
128632 133676 461288
358061 391224 915524
416058 422270 606857
140187 204569 656854
88633 221560 709608
410606 418797 879963
183574 215762 890329
210243 400671 467077
307179 388524 464518
8292 282518 896478
306069 395365 729314
309933 337451 898113
97610 390149 853781
44925 245047 731359
26988 238455 560875
104854 360166 945480

644570 339 214950
147787 408458 944808
316754 445841 249416
307131 564029 342601
309706 352171 338500
225924 238020 64985
391059 617779 576717
277110 394669 744002
410330 420515 555127
223856 385605 811862
176638 513041 526744
286281 302046 49701
234160 472505 975717
284904 540241 609557
230833 325508 179542
42140 119503 695372
268086 314673 663997
285056 505807 8988
137864 355084 235178
514523 602418 99427
608423 620221 908188
462646 635012 186021
434688 553613 214748
620226 639125 471025
72594 214127 531063
361733 635014 50801
463843 476053 477179
570396 627475 451611
369108 408657 377930
111753 459535 327957
486401 574159 625983
90945 234445 119360
570689 595575 278194
331910 359567 330282
441212 449866 213623
482853 498325 908077
487795 592244 507645
109111 182930 68948
59729 450599 982662
585223 618482 672754
490508 551716 619252
192763 437898 827033
239640 509252 729071
587183 590427 955835
44275 346676 643561
50544 294620 448953
590787 591928 369946
269787 391390 513974
45537 177821 118188
639317 643589 355552
235166 485645 256183
232215 433113 412816
469076 527609 911019
121069 395726 40823
467694 483707 138555
491077 533476 772460
62809 72619 813030
87388 526058 629089
42046 63227 750938
167629 440325 426343
120622 486361 725704
576475 637387 445858
557844 610522 288511
532465 542299 125137
4260 575913 77100
131516 296267 435959
614264 628916 384728
440506 599229 512462
250959 512776 262091
512328 624700 825427
591178 626600 822317
60719 153019 404010
160074 373228 953024
324916 598714 745824
262343 557643 974885
401777 610871 653169
81285 337512 95944
596750 639766 66779
550513 554461 354741
408718 436993 638999
495750 554940 503803
51223 613143 410651
220262 613488 472560
570972 611531 84922
436645 454789 798431
627398 642211 947217
259412 497813 983263
68321 224237 673523
424387 441415 412641
95550 169080 864118
328375 405276 918641
150635 378146 998843
37830 187295 126664
84160 310866 900853
444081 521317 161976
535893 554817 843565
643381 644401 709610
88719 507342 285377
202443 204912 997544
168939 343430 353183
434988 566853 994518
203068 582891 215647
426668 602739 278102
287471 564347 989564
138651 292774 157891
125216 322816 515643
102021 230291 425773
350004 640570 618493
430502 471466 281957
530044 641058 487020
98400 607615 132408
220625 531983 553716
142860 246708 43501
86005 589294 636846
94340 500358 149354
355948 400529 445372
340350 370853 766855
403334 537151 689943
86260 306595 380429
564911 640671 790876
246643 356880 10814
331720 620621 188487
349715 369416 709597
376796 426367 193157
479424 629908 175256
630895 640766 326972
340985 478164 146715
412968 428654 851241
456898 637789 130684
181908 348382 884394
504092 532868 75569
187150 250556 415157
410019 548320 570113
219855 379007 741344
388321 631035 58837
98168 632982 707990
498852 503175 795795
593324 636956 428501
5299 279865 830778
537510 590272 660125
276135 583996 261698
374093 495835 842804
414073 579229 60086
168294 569888 987955
96760 181690 850567
402967 611619 827244
200689 330615 99392
360703 445028 76938
422838 508751 868511
540671 545056 821800
404026 437381 923074
277059 440751 560764
6066 342695 616623
567269 627958 424916
437579 540027 439520
44152 406981 567715
361057 603267 982149
265134 486961 48633
398418 547181 475261
141942 543738 735078
306767 309001 93026
310129 336603 993272
274574 335837 651273
125087 384872 421088
481984 529327 305443
349230 615669 981105
12195 558397 752478
148333 422847 881571
147852 392615 111782
619450 628840 923039
478793 548513 897488
486732 569246 387176
621283 627630 934355
4864 9318 384390
284300 357697 20651
111470 492409 181840
494131 495108 54348
268424 611105 705983
392244 582828 13843
348929 590675 334414
126869 487351 424091
441678 475126 418447
450946 525105 299032
422606 620251 178815
500600 625853 360274
103785 128481 195832
510377 545311 169160
339076 433354 386289
581458 596469 17938
543410 579186 861108
640774 643080 877985
515331 639501 244030
151970 481487 719256
496516 565638 167940
141911 625885 16256
457106 500935 805955
126359 428439 572876
564580 641585 111438
75543 189081 459702
329016 401819 556403
61811 471721 272318
575652 612952 400486
543558 641760 272258
246347 413243 44681
178883 275243 82893
267189 390259 691146
12299 45024 662853
116785 466171 632214
600684 616566 524638
428516 468105 316561
95223 334226 77970
421815 523728 965647
231395 640141 645933
250674 492222 827919
131176 184537 95141
344434 537371 94085
229118 327238 20079
29245 556759 657889
562476 608375 635178
315874 617976 843873
460110 595571 638084
517071 583431 659274
76839 538701 507996
36331 448918 865175
348491 550697 188509
535083 568944 706855
102666 198062 609096
514307 575828 763819
88224 495938 68020
459693 534218 509907
403558 475395 143760
398283 439170 131580
597611 604759 865129
572307 599658 640944
197556 258553 377966
167040 197864 446549
430096 504231 432477
238150 466698 349944
378513 506903 739335
356072 586144 220201
186166 619503 537583
459249 601183 727537
605687 637877 847203
581492 637524 703719
253711 270405 112995
283329 450632 504401
317317 487569 756179
594008 619552 875485
160618 525901 542024
50891 104635 677572
7147 120141 221618
83914 221231 462550
559534 569102 363042
559711 559971 176787
174245 566944 600647
2347 13267 355929
575309 624386 488680
224911 293425 823785
62116 381043 481086
159396 299549 255661
526225 541560 312662
384785 519273 305455
52856 92936 396381
471924 552693 335396
335775 642665 91439
576226 643257 741142
56952 281930 810648
257991 437316 754302
202556 642832 980982
58994 203196 260891
304849 622300 414102
414193 530114 446194
610034 634414 926116
151139 178601 684645
140033 375058 151660
129428 294531 809521
132329 292814 455285
431756 478473 32800
260988 262652 821405
359398 583035 644975
142454 484832 408836
465686 487293 660111
123187 427422 565876
471059 477031 908781
445223 482568 745803
439908 480364 641881
127989 519807 748801
542557 559103 861011
178572 541633 20073
333447 563795 629940
454968 644224 89258
484733 625009 927901
6449 287752 411716
486256 538401 576296
158652 616139 520448
106092 353545 70429
342593 389478 747201
347644 388525 203135
232781 632002 767283
255050 499074 685422
86760 173197 654343
181701 618605 199244
6941 64698 665963
449427 628702 744002
251321 253757 802664
626861 642245 34387
555696 560379 487494
453246 521856 501405
76052 146172 909310
492437 567175 275057
251325 595640 972494
116369 544675 286344
35126 156044 683488
143429 429027 951251
389549 415122 282219
207515 390268 149588
506548 577766 558912
199280 209708 438849
249872 397999 384180
299725 541875 626149
415860 478625 112432
395863 579268 123911
602199 609761 246681
630041 631029 416536
131104 336447 416813
353732 533515 731704
575209 606977 7139
159245 550340 744514
565446 614889 100131
150916 338854 842204
307260 630696 791465
384960 625195 315984
522853 548548 616821
393717 517572 589581
164638 191908 984505
120250 200942 435295
533468 555409 785512
491464 622806 271864
47622 140799 1005
102432 232788 668019

889679 865 326612
313060 315914 821438
759669 831539 992567
778214 815722 718256
193324 381696 734658
514897 588247 582919
734894 851566 724651
651362 763185 658684
537382 803345 219174
177829 535292 921389
690805 836256 779144
580955 735237 445254
397051 845906 379417
464415 860864 951056
600927 873949 94832
285138 518920 239543
804259 832066 825182
674804 704997 607589
313374 653552 806266
883718 887417 456129
199523 432456 700457
842903 843254 480961
280837 353774 997693
393926 698269 44725
8332 273663 351823
284312 751212 727458
83836 737709 850812
762915 865495 98620
159489 269015 224133
66167 223608 119902
728578 813479 903851
387582 627430 582411
883583 888865 881428
626701 841828 295849
350942 558430 457486
731872 815519 879663
151017 360501 945716
694729 779380 350056
433213 758763 961893
211741 294266 710147
846188 876687 796594
622229 762170 576351
312891 418866 392157
474717 840405 875126
684917 804838 529787
518670 559648 698123
877721 886261 62883
266085 459220 492309
90829 719623 723713
431953 591416 448479
464405 635779 496847
368111 373807 384129
256525 494258 459860
316568 637145 847919
291295 539069 494107
748720 846165 642991
555235 807960 949203
827753 845954 543153
864069 883236 770240
547068 753735 375495
7805 271789 481925
49453 845644 55836
533361 767226 141358
636359 694467 655241
652012 740193 423603
263546 449954 37310
338882 346671 905016
848444 869278 373300
536664 723372 896945
602689 814883 904938
459730 831675 428271
98751 736415 124272
79268 341279 999608
386612 597632 688370
786636 887499 110640
750991 833839 443568
218617 222193 949340
424602 477632 505082
223455 296928 190337
567411 674170 579291
343099 440008 802610
414878 533505 601172
518851 806317 151843
94462 837361 883947
61773 127068 225941
472525 560349 764702
455809 567497 595145
69118 870669 416317
139112 717681 361226
482617 599783 596808
281859 389595 127329
504433 742764 848943
416797 497779 701088
359477 458130 945386
512145 626469 431753
329085 372110 418997
78445 406927 307615
468951 798543 289780
479814 803760 951941
629897 871255 516017
572994 607127 541011
752632 757219 599643
553343 836710 384557
789862 861669 586362
805857 849301 492804
13773 63819 30663
137077 398834 245943
350553 681650 105892
571605 760182 543141
271943 844055 828853
194951 493773 561300
876802 880862 701915
1941 881288 548577
686351 690612 166520
365789 461080 802466
532074 752595 836634
470694 541388 179223
430659 580676 621333
203655 622366 19007
731044 827988 697391
372467 778087 60398
430222 460742 251897
150255 775919 931764
11717 214735 783748
288645 625662 15117
185032 311621 219067
51367 495369 450005
234235 426099 839531
162927 482658 354052
312233 641904 108613
78045 398971 575554
847427 866302 29202
699583 743609 411888
271572 423925 659626
159730 705510 224919
453785 834060 36432
643835 817647 341723
295752 445826 401199
351812 397340 15020
563126 697031 481369
124739 193301 135503
107166 443258 967824
392253 452244 379357
872146 877667 657520
145129 439458 836657
714094 752878 126435
771044 804161 72390
745116 818998 468835
405247 644412 596169
154249 434516 997646
482587 682833 231644
162182 319288 64330
687247 791587 5391
1095 304228 541240
475857 813727 681113
754018 834920 179891
785269 800685 126018
754311 776946 913652
106231 732699 128537
202370 852842 398375
65748 262196 655439
796825 876314 168907
780804 814324 767882
379870 783680 297339
339164 788125 658160
232805 574119 356092
348815 818223 348295
722674 827640 344537
362284 576001 219307
662988 747713 881715
544372 739623 914393
344081 577174 147561
789512 809470 371665
68753 448009 475297
438207 722833 758744
691490 824722 233544
99128 268456 557351
889302 889503 368547
514140 786864 119624
759932 869502 805303
145879 779020 568073
200482 207773 474968
59483 860626 634104
270171 459437 473371
863629 879187 627995
518095 567785 50589
708963 888608 774144
718511 779847 132098
603971 708867 474
649258 818976 298121
632870 703749 212681
573508 786027 318633
495586 787934 733649
169065 710657 521924
669333 786003 306067
288008 642007 40985
726399 765244 148562
42137 190587 827145
401730 875413 379953
444222 747537 438558
54296 843273 373638
167274 867862 890944
435527 607547 41511
156267 632202 946043
105017 757581 564875
409740 620008 744387
647021 722153 10121
169926 177551 534254
208658 532610 53284
185166 194639 12707
875442 881266 76243
500328 524182 418799
722554 765414 676348
538247 667164 886475
419283 883795 125341
28378 764137 757303
805445 844143 712954
850805 877763 577822
11410 509214 66601
368324 652976 365024
22110 580067 492451
51286 276970 561730
522600 822823 512521
185961 377747 468923
4371 799918 372778
177593 577168 460717
158547 248134 228763
217059 581038 802299
859510 860083 928465
68605 78745 436900
674712 712691 764154
541598 775674 556509
662481 755910 73511
125518 273881 910508
767220 783635 11236
601964 649276 696373
538667 780064 261742
443926 762409 998311
441925 811990 800608
736146 852618 995248
272089 276310 937892
198205 515931 988689
278804 668172 165805
482437 614341 661585
593888 798963 854895
805846 832134 561619
383499 615133 436387
859109 885357 463220
139668 439132 142845
20235 195844 837445
71939 860800 20825
323353 844515 429587
533384 613785 563147
791215 873983 838130
104154 710765 745390
90508 596052 489789
182593 641949 694569
145848 697404 860473
145837 832354 159175
609552 749557 91867
753895 882175 632129
319024 358904 610649
110542 449120 732524
489928 569507 230051
348852 727639 233498
452433 626353 447048
492864 638520 217299
448530 578517 457171
332115 533709 849920
328833 400785 566429
128646 592887 527600
732863 755412 808372
283062 700977 184936
497629 823929 157334
429351 710722 58451
419521 809362 341468
143422 879005 211734
233067 550917 569112
232611 555571 903343
236667 882287 689155
149890 603389 636038
242767 618261 907507
472910 582276 209393
232986 347610 534254
655789 727249 420118
560474 772708 198294
103140 674371 296372
405031 437741 335354
206626 370943 331021
815069 883846 408435
172688 483614 357978
550826 593650 644433
727136 850294 835531
526272 793439 347844
101373 563007 830817
522835 805640 87117
154634 802880 412022
716562 801359 28020
499609 638260 35684
541125 656258 96070
209640 525460 154239
85945 647289 756277
23263 376929 645941
145854 642408 105041
733917 752929 88973
608453 737810 82970
789590 876032 362602
32235 510136 27710
166401 854990 936259
510781 865746 393588
543683 590155 764696
333325 800838 183728
125343 234435 992775
844725 845218 614600
351599 670907 201412
436514 718930 809979
399266 445958 433590
621477 831443 489232
721692 809898 720499
622189 850324 251598
773054 844455 695818
776869 863997 442436
666897 846904 165762
326844 616680 821186
246764 382740 258255
376557 839863 613140
567470 651033 761386
286938 641949 915122
123976 376462 880712
766770 798768 520507
336306 743880 201291
408189 513090 297682
753043 770661 132655
264609 806025 900609
364128 811908 917265
515915 749433 490910
628630 838173 961912
744734 850472 605714
655930 718892 605163
755039 866801 87247
876975 882486 539849
886088 888560 408014
630522 731059 290127
312811 775581 232353
859373 880251 467029
452218 777555 852435
452903 837053 906607
189642 403887 37825
667572 695920 988217
758312 773981 968902
157296 195090 237968
641243 643798 60177
151072 519892 701255
618656 862783 476294
776616 870152 539419
331232 597055 13292
721070 778907 124770
291086 724086 532982
399795 670263 990034
578432 804583 60976
754677 827830 248294
397738 689523 255376
653466 849139 868906
299794 310944 16835
834581 861191 28061
570004 603234 99257
321620 405386 421524
402752 848619 980043
206232 750413 577839
209739 760251 153346
851772 867595 79734
852450 863437 689860
428380 735659 247046
811946 868505 189058
283710 573266 849304
75619 838732 481858
711101 885457 284746
495642 496022 552922
319383 718584 485948
862716 870804 499395
42511 188319 927687
537458 609781 944835
285991 835573 893451
306759 724457 181021
875086 875779 660390
674292 725820 289336
318226 364529 295736
47528 129477 665765
859037 870366 909296
678869 759874 551654
483556 645953 670714
10177 480214 612050
344737 590864 419166
85923 765691 796092
33603 421766 84265
450951 558306 366342
717833 737985 264663
205946 306438 505066
742877 764756 140841
693582 866543 895493
361507 447985 393488
568996 883671 989904
645235 801964 904241
495361 522166 171017
862751 885614 122108
72549 560991 235710
266351 564926 168241
850773 861869 138190
608680 785981 46452
322473 821303 733704
65130 865077 573890
118936 207498 707996
317287 656948 421587
2528 756750 584736
243916 303659 987092
34014 342930 505277
709355 744198 430740
806472 881433 136764
514529 811693 205050
53850 359433 643206
311427 447604 649411
494195 804552 311506
430035 569983 508678
389711 552038 732266
130122 775810 286753
286081 666247 928762
577518 707701 12399
677673 762218 291010
387543 562384 823940
395305 455376 141347
215372 405919 558400
835567 875405 178427
588402 850159 15513
137144 286146 737026
578613 845113 538619
722929 733859 796428
771580 886038 485053
318339 485701 34328
102554 363572 969085
201222 799689 727764
423678 842834 367634
618287 768532 161235
545411 665839 903453
90698 438924 335942
254999 548879 828117
834872 873419 148230
241747 873597 88039
185906 241373 805233
174124 797126 788497
387989 814765 369423
528226 801358 144095
259720 618874 860616
146767 228003 530508
486674 535891 981173
50412 888569 411016
730740 796352 900490
449784 759929 589043
581782 708296 153978
373178 472046 865779
643556 806764 739145
812742 817211 98230
496407 696733 115137
185505 670726 73282
781535 792249 909924
476055 679302 314705
176874 733745 891679
653919 774150 873363
261133 851137 519024
751522 885259 843712
684797 835438 80604
256698 530284 72099
757499 830860 346688
47472 345186 96139
613442 625786 847462
486402 884189 988980
828577 839967 860541
292398 392848 628386
647348 841990 307173
152081 243178 145330
504665 806730 126598
276266 715530 762952
581582 718080 463194
375537 509101 498750
37361 634123 536875
55959 672297 232392
347382 707215 140268
416123 570282 91690
138379 473723 491289
461201 662895 457231
672961 723828 850625
487510 569740 774724
112146 281133 169554
840209 860784 110878
883874 887487 41024
629259 793425 77551
233791 311241 811844
502546 845261 136469
563842 836999 53068
284081 469769 735119
248044 270492 469596
280762 690034 608843
800401 872776 620820
361307 748786 916812
465929 609787 623206
512659 888001 986514
395893 677876 773901
246211 433367 812796
282957 378191 165032
539888 705690 829475
846458 846820 537563
635965 886308 5639
301223 525450 297867
249338 616429 248697
285237 422896 990598
405693 822993 162176
472495 826257 244244
490589 742035 437107
875087 883054 741524
310044 449885 84503
853870 867717 191762
187676 361987 538810
806382 862229 728596
748228 843121 340726
427430 430915 628836
732717 880043 515429
596571 771999 576628
351651 769979 645110
38584 217790 262097
408195 867731 635796
387044 730095 518254
601399 770660 696971
2107 99106 599519
133418 680860 490692
871790 889172 796960
293857 589622 742683
191415 730097 964657
64809 873243 291624
833370 853202 560439
215097 422725 295891
737989 865039 73715
52129 888619 797321
749809 856019 646103
889421 889580 595433
312491 388417 529022
817495 868588 571995
730550 865622 139108
211476 442612 688820
128347 808535 180919
280887 566125 128687
91875 392245 831686
869612 873279 757078
624527 631637 520974
250784 507725 831074
230264 556992 903860
571867 681695 143596
250067 323132 606797
571413 702061 738640
241010 869657 614257
812157 814275 738331
338833 705776 253241
763853 807731 54342
888074 888950 344051
807692 848738 882057
170517 565436 192968
235466 311285 98093
415202 672345 449382
563960 648311 609091
249932 712977 263683
480621 865379 139676
816113 832958 685090
450853 502897 892020
412144 762171 151783
442007 813855 979040
886130 888471 62747
512786 871526 384727
416784 654063 205972
411349 595257 560630
875612 877352 291575
707463 844800 188068
85443 369826 162083
42345 486023 344846
520377 831406 57327
360061 702567 339368
166825 298748 775922
64516 66297 239667
13419 426803 290933
782397 859121 968699
165495 702277 858681
761132 849719 972641
726231 855690 784200
434600 808832 29667
825121 881360 538738
765485 809755 638002
194603 256772 734323
876231 884087 722467
705676 877420 518309
773634 882280 498808
319464 862138 863210
697361 886498 387260
871069 873565 250896
248299 507081 946159
528488 788740 566198
121616 779549 553146
380547 776429 438710
328510 516971 107216
689004 868994 743373
348334 373857 235201
611649 795142 477269
626040 700392 73025
822839 834671 743051
78811 348555 54149
551928 738869 947072
801908 860811 175881
731399 744096 118056
76833 358304 287143
139069 329100 124941
619834 826390 201037
356302 740769 867500
116779 640029 78138
786455 816756 291105
44938 269986 839659
305748 480359 464965
641394 724184 521786
603040 694620 987816
143996 180002 96778
505797 728721 41608
146921 665257 956221
525408 658915 112982
105434 828910 145892
496193 741875 889054
197338 248744 314640
571004 639582 153558
597007 712417 444315
766250 794490 543989
874908 875401 137798
128115 381933 133444
248754 712684 672660
500877 723338 360300
538158 673741 558172
716693 722793 67223
399703 459673 823389
256307 639062 559394
15428 250936 446699
839692 879183 586761
422921 457888 340030
51592 552137 88082
770365 817738 427849
308349 824936 83578
828473 859829 874611
875005 884119 335173
871753 886744 206345
167897 877059 667251
811550 823914 938385
434297 556101 545410
354617 718742 131623
90146 453524 704783
835961 876609 442658
706783 734933 87305
555275 707591 151850
365202 677322 603522
615750 809394 35033
654016 818050 82471
112788 491381 925402
534733 771929 657005
284340 540242 413952
500761 693924 781608
99149 155345 264912
736184 837115 604739
41399 381936 79558
733974 768215 977332
297522 435046 90747
400339 878102 524691
4245 413347 840847
334355 600342 513950
217904 385298 694977
637145 861625 103938
86587 103902 208132
837280 882775 993453
830579 866472 490269
430391 462777 195765
638522 883002 288574
861856 871570 44951
25670 512130 566203
345721 728309 482297
572347 767929 769163
311645 529967 500145
738291 760018 575741
418109 448842 773449
415987 734260 927657
484276 680365 815530
455315 643000 298278
668774 782874 270870
757734 883065 746249
330652 407711 107182
61531 532182 392788
390266 715818 192034
431597 888859 553213
865931 870285 76080
696771 722688 515896
44605 176009 822282
778933 786310 135846
8009 299924 951751
599740 723589 790386
826574 881550 182145
240599 744110 155731
792626 888308 881524
353651 529982 239381
388265 545703 910945
224859 543761 86212
102106 127772 293881
442866 869395 113597
109185 149403 60094
533187 807688 935151
323089 794890 60270
203774 446760 696493
412572 562456 533870
713000 883180 293663
76184 228949 581732
421705 456790 726777
790839 868583 782140
652651 737275 687726
617118 621092 20370
61562 282035 338928
775758 837148 10257
620484 843833 864171
144996 579735 374829
74919 762559 748187
403130 721152 926737
157712 691815 535583
438439 828214 827726
30222 844310 184778
455619 662613 488727
140038 538572 654301
345405 849719 734998
644701 752926 974211
477377 547201 319524
212857 258398 26388
750681 769812 335243
635766 853959 535510
270751 334843 547664
660382 714719 604288
682402 822180 841860
636816 688376 108443
9347 544919 793905
869640 873423 498587
888712 888803 930884
827316 882109 809901
145614 316488 569734
166445 419324 259425
423222 849759 857130
155799 847304 114382
647185 787139 933896
397869 865609 932137
276196 590858 434448
613662 768035 245097
551923 882258 331162
732961 743398 717244
158158 213442 900466
672534 689034 118441
381279 673580 579595
335032 651733 924909
676148 787052 863541
449041 805697 169947
77185 388115 106117
635192 706923 270829
496381 833009 864195
805957 817210 174005
406306 839473 517231
732915 739308 778012
886652 889670 784729
612665 685471 152573
495837 788702 704491
273892 421469 530039
462853 603564 748396
123508 787430 661130
95374 528697 335171
520206 828684 594204
800075 833205 446231
158095 661996 114775
102857 646590 219830
16885 504695 294349
862262 865826 403690
748459 888500 280828
607189 859768 88023
237301 636513 174904
733266 772489 338837
568271 701108 116129
422644 732174 554462
618775 818612 657630
260519 653045 988370
855710 867177 27855
614416 881101 70308
530879 543829 76434
720289 852217 278074
679837 857489 977737
685580 703386 651706
889376 889657 829933
283695 769668 345276
70595 315320 621432
361881 772325 466992
413601 815563 840354
104417 797022 364449
497235 548574 131047
440233 686842 536712
797245 852320 840880
44845 630070 388921
565525 614185 856875
290408 334291 188683
406217 524383 598977
468843 658576 118833
69292 237966 62518
670297 851302 228239
148800 189803 377881
588331 601581 713206
254151 762893 817133
796753 821941 93909
531684 833234 284023
535947 885163 680479
340684 416997 537563
13086 428480 798321
386388 584648 126429
685992 868071 518048
813991 852001 291238
316862 689574 340779
243726 881650 30780
2784 346624 422686
724743 849010 209876
179364 365900 361662
95109 672558 319445
140673 319844 996984
705016 846786 733609
172835 799323 935302
409810 551294 784714
113546 527998 22651
691650 751988 956195
811164 841016 558871
54890 215672 239406
712805 779897 264219
690763 821389 796011
829510 886426 550773
462066 542510 94537
689601 720286 566104
264206 575357 634218
621544 667488 423091
755878 883302 508273
235136 339471 478918
331953 624458 112066
182084 733845 987023
389280 581903 370124
48975 248342 78984
224486 608806 93476
187796 844338 741642
833004 851331 79872
754640 866463 248817
70275 270526 837557
495368 676998 251256
537905 802102 834803
520097 616550 886796
64444 568717 357064
152114 878393 769115
876117 877882 186669
67172 398418 479468
772012 808613 560485
744627 842057 302191
221618 598426 258658
709588 735451 489655

816562 262 683003
230411 777947 214245
289732 761619 267809
490944 616333 111956
263209 648070 29056
589454 663334 146565
813361 815425 226853
416727 422526 562087
12481 656340 322207
514718 627324 863991
134292 589268 144197
243824 547401 817656
384437 482644 259910
321022 792870 263685
694767 757278 900530
311434 490869 340773
291388 638137 933661
691738 716196 191608
466185 781531 593045
367527 418417 823901
657386 733741 825388
598161 766515 775704
437333 759801 985085
99200 687857 352697
796029 811227 804796
254498 278432 785817
92515 720408 689290
279588 287939 821683
374123 630003 99643
545143 549800 882466
794093 798578 287335
623949 740349 16154
777199 808197 543587
208200 277347 44328
740432 761440 387586
221659 619455 250360
583727 684515 65219
131775 637829 125079
37146 188546 880596
399123 612292 191986
480477 800200 798828
418695 655544 122354
279633 324214 950199
466217 723180 704239
1752 778874 655761
119624 378720 381049
94613 610906 145042
805294 808758 775590
623447 753675 904141
333835 717462 199312
236701 334440 333109
406163 474445 240968
765468 790793 900745
3893 751176 558887
51593 299839 62832
520296 628047 478702
583754 801510 599579
192838 657280 457347
209425 764568 438091
703596 713522 737478
465922 544185 468977
305186 497494 317795
385521 510519 563655
536271 652799 326205
482220 655584 930471
183427 786053 336280
247135 730913 279265
191386 582791 963777
778922 796631 503201
673200 812584 650447
729602 777456 135983
522894 526654 612575
174678 282788 36107
528963 808887 625423
177091 562166 674877
720078 788788 299260
808140 812335 224807
71297 183068 570277
365948 694212 954076
661520 815211 137758
611876 808197 29208
632276 714856 518864
592755 593625 878259
807335 811327 260717
352846 544971 809299
775741 782859 210675
407536 607857 158033
190153 362349 999485
424011 469875 54314
424261 785966 803344
340128 436122 812749
36938 748274 593667
34830 238162 528113
13702 116580 701949
629896 665176 671221
312025 549896 119039
556961 644000 971412
719787 745960 485616
29124 648888 260391
479600 665971 704705
295711 453032 274462
513753 522487 595095
88233 117898 277584
777940 790711 992568
385588 693104 412005
265787 548951 360381
493548 663094 273863
675623 785649 230082
419601 717713 304029
635593 657148 743860
42984 169927 970899
15622 182738 782426
815368 816248 328516
2724 673487 775446
247449 310674 406017
362908 616409 387382
428386 698030 332022
259901 264543 608187
604203 779276 964427
737892 749508 451258
403819 415978 684018
418549 467250 305256
490242 500504 788688
767337 808575 32806
75986 574525 493407
283618 737845 204425
484387 572408 12546
226345 308888 13163
405326 469130 538913
395952 648993 678183
385546 721907 281098
395191 707639 71429
231716 283774 837441
788864 805555 996532
531520 554021 539427
472788 661251 912670
41875 397064 793203
661775 744811 125426
378878 664097 430844
444747 742722 450807
687675 809488 381716
168728 197282 655373
99531 416485 22941
101335 681298 754274
23414 483213 177639
126660 358729 586264
62967 226057 411077
66253 374642 171518
177322 608355 930794
587866 674585 670645
145570 286544 849763
501418 659124 266748
485872 709180 350029
728167 774829 751536
314819 555283 196290
23306 671247 91839
343400 484457 591122
395001 655159 424145
393301 517964 273963
359806 717028 604046
514264 564352 129571
704745 716980 957308
375820 605824 42908
728143 816561 362201
329865 359574 59789
645771 770241 747401
551457 619650 309330
379273 414522 169816
360655 376021 684018
251072 524500 872202
787744 801742 266258
182413 236486 831539
485136 637296 269826
515293 784501 535301
36943 204107 840916
808030 809972 835729
785020 811909 776886
156592 645206 854981
751754 791349 123865
604985 680981 692475
653106 677690 176492
315040 408807 504113
616594 651060 281692
640678 683719 105573
256851 744896 758277
115335 518384 165308
165819 645063 435776
599254 657787 38679
52379 587964 154835
291955 447527 467479
760933 792986 451594
190407 371387 652435
601231 675755 92501
609134 624804 668831
8105 183504 40134
589365 790752 125345
87867 228757 298679
758461 810520 889011
435503 725122 488098
119647 813189 615202
188704 366277 6862
497521 721813 307211
678130 693845 265102
10541 581810 927800
398949 679498 258268
71611 212510 788622
192596 683550 99255
367814 810476 823809
157238 253987 820794
303685 705034 331161
518627 677355 993364
193502 476090 467868
581210 601140 968080
513498 734172 810079
629652 664300 489684
379077 477107 482931
455228 625818 876971
26162 147423 641386
422903 695298 748424
666851 688533 120168
365066 531035 771119
778727 809187 33159
270519 647116 913790
29841 149178 323558
133710 226929 983582
579907 699299 784127
176318 298487 520859
753593 787379 738342
211771 575573 118715
551758 729998 643040
803209 809160 10683
374323 488650 577879
196745 329525 616480
620989 770154 287201
32421 510656 262645
129504 780315 905418
537841 577845 309559
250306 263335 40566
548955 620860 386958
811166 813127 27492
352737 807591 305883
486153 740767 831901
203343 475425 76857
787421 791374 108103
451324 637204 223526
286551 317738 89419
39808 87951 25729
471062 489697 154756
103969 282878 51404
613697 669806 307718
199122 613835 636192
764872 770567 160470
82637 769032 839741
632856 671558 97779
218986 768002 803424
254024 507908 956991
195104 816274 551537
149483 490346 528299
784555 786508 294844
715830 740474 118888
599157 638402 254632
529938 716295 990717
787738 793387 675840

438253 634 279362
7717 364981 910593
271711 297904 997517
364953 403813 899057
176520 371260 549996
112518 241082 973114
59974 402677 743246
35350 353081 631149
165096 374569 258210
387435 425249 515677
12258 97111 437616
414984 436519 559236
305863 350743 524799
414173 420951 416277
149986 256834 641169
67872 172863 114204
318831 341017 889334
295755 379479 799775
329528 347278 261850
409432 417550 382886
384038 434595 901941
305020 310104 898005
22484 332988 489559
131126 215131 472901
282816 349821 744198
153748 255584 768095
210073 407599 748980
295505 306075 167467
312295 338973 425691
109113 275923 368154
127738 194183 746798
418235 418714 228795
363425 398120 643911
314403 371861 824029
92317 294148 291831
387766 431106 166719
420543 435458 515892
347137 384377 94794
206412 215131 882119
185360 315773 198484
372000 417994 8619
73611 214495 404777
102154 175339 25919
73502 356686 852881
189419 291381 748713
243109 431086 931319
1869 194243 829388
262269 323346 50064
287204 361580 62296
415326 437747 335659
304290 421053 116162
192159 303832 342638
428287 438119 150595
394237 396365 938159
16813 247776 254852
217279 260708 608588
279676 317512 35957
355352 415184 148188
3491 129263 876166
337623 430881 199095
393194 429013 596306
141915 168875 415916
281732 284089 792646
414855 415205 100425
336281 366342 789613
359971 410379 766205
345947 368386 158888
273611 384600 818167
378878 413409 154130
144820 388442 719251
36332 98995 743931
281960 319476 790996
121273 204155 321280
418946 422944 64674
166939 402018 225639
233692 293115 872403
45327 132650 523778
239194 240726 493191
121522 436040 807585
54866 288078 137492
22370 69189 169837
200848 283080 672626
166525 329714 429937
161396 378840 852986
188255 328611 637193
312278 368411 265812
282314 396181 457322
141552 378097 13603
149073 172884 629465
184190 410834 129426
136509 263342 120748
161234 431885 991656
207741 244534 46155
53929 125984 218127
193684 271702 969717
325105 389726 146857
326951 373434 620272
173464 234046 266598
421513 428118 609029
410003 415220 681822
42426 101882 220917
332044 429256 631866
292996 375150 372211
23269 143648 621810
91838 164360 47645
41644 182029 245829
201247 243452 276220
413592 420800 400607
377940 413769 402450
126863 227679 649142
236563 357578 933778
198103 395500 908468
306719 345893 184142
332609 336464 641816
399409 427668 696453
396511 401075 512806
170330 292791 429923
413694 426080 429936
217964 290181 829557
238170 431049 388151
180325 187051 152491
63611 306511 249268
210217 293825 543872
85929 410011 337289
382757 405188 827544
394863 430933 160555
202294 389295 269307
364200 428163 227959
3662 202260 554150
143480 401972 6052
436203 437741 63003
246680 282603 876536
223769 314980 369885
205463 210781 630835
184705 272658 400414
146365 216761 303072
88771 238776 182641
43772 270076 795199
206614 285727 118599
305875 348833 840960
69593 269394 156172
111690 429374 409964
128912 293931 852969
24104 389373 626616
272864 351486 655771
410671 435544 69530
86623 393078 415423
386749 386950 224003
34931 396565 983482
79966 393020 565616
135050 152768 891638
166863 179608 767923
194016 277833 424371
113552 426654 560617
406650 434655 407013
11452 372347 856280
70998 209240 771736
95567 257182 172374
97556 149714 521662
30006 83116 969608
98248 365828 504335
198018 413097 900521
82455 301528 690687
236252 381762 125092
97103 331545 534103
117572 160523 810098
134473 398469 992857
57273 312277 122246
147295 249148 134286
42813 422853 76221
189902 388186 471400
357078 360949 633490
326276 411987 389973
22082 29882 720682
186230 295317 805884
370077 402777 517473
186969 297947 469440
150120 220498 389495
152985 169402 138077
142928 331112 235516
263918 358673 36015
124209 344214 961853
182417 322594 458798
93861 236669 263578
42464 375638 410995
179332 434794 543091
184545 398657 563402
129520 239515 433114
272740 380545 455098
191449 235263 426460
335126 419659 814225
45362 383874 314612
172693 222997 200838
236188 316145 383356
348476 420516 187668
37764 297038 40456
13023 150373 76265
319475 434437 491072
229253 425397 445141
338865 359260 70619
324230 420246 562452
1230 248173 969665
370054 400221 581465
164219 392460 669025
53822 94840 379481
173609 280818 25170
163998 255762 829436
282900 385925 74257
56904 408245 856790
130072 211671 356069
359857 403355 998219
123860 394579 625301
166923 351755 25255
88523 373538 846506
283759 286599 593862
168556 318755 838784
253044 328646 880881
313208 376416 112176
287019 411152 778704
396255 422278 109612
266589 327001 97771
390869 392566 460490
153474 382761 112331
398438 400002 740220
1467 263268 59064
193584 316726 360611
436902 438098 96041
330851 352074 229575
206053 423034 960242
127233 184320 321109
384045 431151 413500
252417 309995 261325
186954 325877 864109
121307 269441 142108
19654 297244 575757
299535 322671 881756
289025 412064 395918
12370 31484 296935
92083 243962 815673
85111 433847 802411
225907 301015 129135
345082 434565 949962
335283 338982 802687
401223 436955 610171
263933 274632 928906
410705 419428 463844
90755 317896 322846
123122 326593 874839
161492 225317 303254
175286 175510 668324
95074 387611 701900
261087 397723 307076
368 251296 905743
315783 393669 792855
146823 367212 515297
7869 259157 314860
323568 425213 365864
354592 400364 527885
390306 414693 884340
178123 364632 109669
93583 402579 333668
153144 197403 592106
64206 181425 507379
304098 406993 896368
316754 361282 695356
333301 384419 711919
23110 313413 300255
379934 426293 107916
101395 437764 597427
304904 359253 281970
95033 396941 796606
68240 192011 250272
260253 290049 83972
46117 106044 308331
210896 339539 327555
372191 398522 996304
132049 433837 263046
284563 401889 666801
8016 403925 92684
58506 173061 992680
195966 335418 8344
291412 345807 255056
207995 245031 953047
244974 349169 99387
263875 421995 203475
234677 365150 615700
221260 274794 575145
209283 239895 195095
145028 258695 222501
383885 433712 652407
73874 344063 296203
403408 415678 852833
39959 298594 704606
76258 396835 164180
409641 419085 547188
176230 290813 564429
352494 413899 934606
9240 193257 773240
47199 386689 440252
327121 422760 517742
245109 360900 800824
369749 379970 169243
135408 401304 187670
430612 436282 868349
430120 431999 853522
108544 251900 140402
378142 379684 781094
327108 332067 641695
174723 218274 109039
49270 401736 948310
240345 304793 467212
131578 267068 731292
267986 430869 172041
337901 423149 121257
212514 380472 118458
226128 333127 158931
15441 73119 182188
254756 388715 529099
128042 139202 405247
18739 154055 455266
143500 420497 535637
361249 433425 487522
333912 363131 94524
318391 385100 599272
141486 198197 646094
226253 326512 425117
396182 427568 897878
261668 281799 595269
183184 322534 969763
90047 258155 301067
412396 418144 836276
223425 409983 135939
289324 384070 951565
137249 270765 555357
173143 338969 345492
238639 270619 395080
189478 257891 881254
354783 364960 652519
34948 105656 184890
205650 311271 31198
6831 180582 102514
72768 97955 398711
269681 332680 459159
386855 401805 494691
197749 379368 984106
158553 413314 378580
131201 394084 360964
171793 347825 770298
374863 412119 944734
68687 388730 968990
309883 376169 259400
90748 363424 7728
196413 266131 388502
291504 360852 980973
282947 434134 274483
141984 312802 796478
152522 222422 547105
55231 375465 990237
80611 161032 100395
420785 430547 716368
251162 288327 181421
193824 300135 484985
43630 109296 745241
338618 349787 530455
298821 426049 800448
388315 435967 498309
84622 132711 211448
107561 413924 79673
31217 241128 48602
41096 216942 999943
197133 404315 463784
17782 89850 8672
236174 415280 147889
400209 430942 580998
435377 437111 105369
209584 329220 878954
270781 344637 866155
216988 293157 950489
98311 129525 446966
305038 345464 774831
164467 194804 596020
171432 352751 814840
185988 346170 872073
433241 436971 735329
164995 213019 228382
146154 225114 583592
338685 394639 219463
258866 294550 407386
360594 428925 402620
356420 421592 550368
241082 302952 443536
191658 326733 803212
100760 177885 238605
63404 171560 176080
249712 363784 909820
129728 275178 814726
206060 417311 118707
42392 376123 304182
145197 166289 484406
190738 243284 363414
365010 378203 288373
295507 338406 242628
255381 303035 512504
203123 320060 663906
259516 343364 292958
255433 416299 828479
335969 432194 552087
36701 411489 519330
388898 424399 366124
389957 392092 191400
399592 418234 32821
321094 326793 866656
434908 436439 795051
194565 195693 297368
10420 92193 398429
975 247930 264339
203788 304826 268500
152601 207511 53868
231712 359843 800506
43941 403202 565732
244095 388489 259096
291142 379610 788579
194240 244662 201014
363897 399677 428891
412039 429044 204115
399951 404905 166461
384815 387413 61379
178153 415514 427225
181224 315588 732152
276526 300919 950224
323260 432970 620110
275660 352141 389857
164384 251942 260180
168353 250426 902383
420206 434219 952388
267964 323178 412542
166910 259179 579884
37525 375303 316085
219191 365124 106158
321304 397565 438330
105170 388674 689577
393180 418294 110037
391406 395164 908136
51211 347471 837988
366931 406235 125198
182738 229022 91874
279922 421463 986780
181266 303403 192939
307187 411538 952468
361566 419391 382844
430524 431370 167774
2219 72776 399399
363657 391890 916396
315666 319063 225346
94985 268902 286631
298062 359697 504603
309828 395176 447460
88960 322026 764300
157724 394824 254665
300920 412547 480867
39153 50390 616246
49009 412337 849928
339679 432278 983743
332035 402929 23111
1149 298532 58328
396823 432135 262857
30847 86900 739242
4819 206312 964941
314792 383718 562169
296143 315946 960866
390040 393898 438239
268280 349667 822844
52651 342151 943999
231692 284165 143100
241260 323518 771671
269332 417847 776721
39939 415694 164223
7315 321670 738978
186541 270672 736153
11834 342496 187363
258029 403379 421928
344888 394911 29279
228507 398529 687329
85967 259245 657270
223720 280055 571321
111670 348063 995722
293188 313648 362034
241010 422441 838969
186773 189073 510830
312643 403059 791077
308694 381060 520711
207211 256692 5890
179593 361092 190106
121713 426052 759883
195541 384630 508834
52708 404960 501257
11276 16505 343029
360684 405011 628253
420486 430067 851494
29085 58327 226435
255801 320658 939505
278857 432523 212742
420049 423607 751571
179971 322487 312677
327872 382272 258200
158318 378593 598141
116788 217500 559224
193528 291718 229277
385910 421029 327941
250043 261572 668158
275379 360954 485241
3378 353371 634198
156416 324316 489344
317355 389842 360445
382080 385615 561485
310883 374994 854948
57735 72134 933864
369659 404206 552465
182698 223580 942635
71848 299673 930414
287346 315087 236940
344091 354225 573506
58252 239658 252027
281743 425169 755064
266486 305753 205260
268307 271950 646704
341057 421576 450406
347389 411003 4396
286912 303399 61957
118769 347737 602512
53935 208572 356839
287879 365228 340811
104099 365580 465014
76514 271594 44418
345556 418219 2172
129971 149424 234596
85943 207581 463331
19562 51666 710688
429865 432735 398057
217337 425930 137625
366840 421928 953671
73585 385235 340965
211283 270483 24708
214930 330985 495462
229709 261948 455801
148670 234542 319296
3453 34901 555785
299473 388014 915705
285556 370635 570178
129934 314906 466941
146259 233459 869648
387452 388382 997726
291807 359656 38792
132113 149430 963770
356258 359773 905066
34758 294754 653891
190633 223763 137777
3103 398192 650828
97612 245860 101761
199283 433533 765800
227292 275903 816156
310730 327502 291786
243136 338699 957434
371943 402546 794068
315376 425469 316514
365136 437577 378519
394023 414193 844298
222588 424061 730667
6139 90791 564010
98397 101479 959320
60944 428367 100081
132737 424851 615012
192926 297491 334811
204985 257243 824119
47627 333788 344890
25684 399583 716956
301236 393350 893671
249295 259346 661622
406943 429864 119071
262850 269910 734967
198249 323631 540340
410426 420055 610902
150853 296355 568859
38916 293798 620640
4683 295466 577009
92431 135163 45848
436161 436830 730427
399160 405327 274755
233662 270715 757108
220115 400072 894472
228658 378754 708053
168859 418258 125152
370935 400743 299389
438011 438078 367911
291610 381064 76459
184108 253300 82642
263453 418724 434473
359847 420809 329165
55133 175379 514946
192748 294252 57257
118175 352607 40989
433697 436567 123502
306998 413883 423669
388624 414989 273918
45352 200540 641239
225159 312443 693588
335820 383435 324861
128102 427668 741691
295567 339256 517984
301965 364298 82941
133853 140391 763580
165792 282404 523694
10642 284147 612562
164147 384115 170592
12277 97584 441163
196217 427138 645225
295990 335878 15895
96203 283791 265033
290694 416627 894024
25488 107559 647251
80061 215414 48099
292333 420305 608438
353364 414996 857522
395799 404574 730781
183918 192879 635593
428011 436352 652001
62738 145956 72438
12106 86293 744406
239406 259229 405603
410262 421780 96075
191151 273395 595784
244636 367659 129042
161460 380013 219313
144590 171482 612476
139907 227319 22159

71410 322 56333
44126 57210 870897
53528 64933 122385
1951 10502 876157
43890 69613 211132
12901 53370 410916
20946 24062 843440
70054 70333 719516
63231 70037 449977
9653 38147 752307
11919 29037 563438
12295 45482 601542
18333 59293 490898
47362 54277 498431
35400 57131 159745
14873 17932 307452
63122 64162 441358
33417 58277 477902
44979 53826 79019
2414 27460 828831
21429 64066 38891
61736 65070 70876
43382 49768 723797
13495 21735 610692
881 52003 635966
46809 65820 869924
65078 66820 824803
45112 45126 431016
18711 20995 862283
69521 70648 858381
3065 33826 46402
52982 55142 347252
19606 31706 158835
47424 68469 647893
55841 68381 462043
28054 42256 776305
22019 28657 102799
5104 50054 578958
59509 70256 852506
36091 50205 80545
31029 63103 198691
10366 29426 76749
24570 50939 903339
70245 70869 174185
37491 41203 330503
39766 42047 124137
56036 69549 447749
28876 63582 780822
47337 69714 449230
26824 58558 172335
62218 66673 630320
39476 64533 515581
36095 67833 350751
54957 60560 293083
67955 70361 541585
42227 66951 130746
15023 27140 160676
63044 70168 177304
23799 36307 610047
13509 49314 680362
62647 70406 25565
63897 68793 295628
53197 68152 130256
54663 68793 790355
26991 61990 110472
54958 60010 957755
37262 65822 979599
64175 65431 201665
19185 51772 630711
26054 36298 389910
21517 46080 831190
52629 59542 818732
34225 60330 766075
66861 68521 935827
23944 40233 626892
61436 70951 890336
17429 31313 162696
57098 63880 402487
31006 34019 905064
44259 47436 137179
19787 68458 395688
30111 67123 691145
6041 22471 158187
31915 51871 253729
68204 71191 929385
35265 67322 792897
70632 70740 160619
28502 54787 711062
44049 47400 688735
32430 59259 454822
5096 28945 807504
7732 16660 212936
47762 53294 61214
11694 34763 428414
28546 62039 671047
11015 47527 874194
11332 17659 601209
24029 63548 24105
41341 50720 805299
46251 68152 793550
26619 59498 554886
28918 35016 699715
23473 35657 644968
30182 46821 196702
49704 68820 925253
62190 64053 561834
44084 45203 554056
4525 51441 898802
70410 71358 277843
59349 70791 625011
8579 25768 610105
63330 70093 365550
48096 60481 314842
5087 33391 12331
38926 67809 737565
52225 56377 316519
61238 66669 726105
24999 34196 280741
17932 23289 107625
57303 66181 112712
19539 34609 597081
44750 52415 464136
18026 25726 894030
51775 66014 445546
38274 64200 530399
13554 54016 769108
15109 63209 998971
17008 34485 27188
19848 47397 754109
16601 47068 385163
44453 48135 133650
10848 63656 687549
61302 70456 868825
14559 15245 749246
56874 58031 408195
2263 59253 809649
41921 48910 952529
46423 59513 833977
50290 59887 58520
15424 29823 329826
50484 60559 13463
10912 47994 940851
23401 60797 405884
65178 70366 14827
67638 71059 32019
70178 70496 856218
8749 15687 12769
68386 71383 293437
64691 68652 129975
58815 62546 861762
7242 39100 560842
7159 29113 115846
2268 50643 827987
24551 30688 134344
67390 68292 125031
30999 46890 474570
34184 34674 380030
6253 39800 945609
16971 40607 832449
59784 64740 796505
69326 70808 483744
60906 63004 908906
47915 56459 587358
40577 69441 628403
57829 61211 130127
17747 63229 89160
5316 31329 688138
11609 39774 318652
58374 67272 911504
65180 68159 266403
25561 49870 507961
37439 55022 674522
64635 67261 64716
6660 64405 907521
47889 54506 766982
14101 47022 520920
25323 39829 45732
23252 51874 235132
16587 67908 283836
11532 45431 867604
13986 16750 606877
63218 68997 335145
42362 57017 381572
29920 65467 431141
25216 55172 401527
34900 43822 782308
30141 51998 374276
49156 69003 259329
55220 66538 565036
50074 66529 715662
34612 71269 247512
59849 60031 280442
14598 45030 466469
25254 49096 701517
42743 51456 269713
47767 67164 113554
34474 56718 404791
58327 59610 106270
47397 61859 889257
35641 46497 872201
58080 68650 710935
19929 55454 98263
61260 64685 67134
10150 36880 133001
42854 50307 127159
65134 68763 735147
14730 67574 684921
17478 54996 621910
46129 53513 911416
10869 65074 388045
58764 64066 818065
52727 69679 437508
34417 66664 101964
47470 53066 298766
36982 54499 279678
26381 52295 934071
13753 62329 32531
30915 65912 905741
8167 67507 818215
59514 63136 225354
16960 22501 328508
49116 63770 205651
2763 3478 516176
67640 71330 464611
61948 70060 828711
61656 67890 179433
70057 70414 275216
16951 25780 94984
31082 34455 573253
20688 29807 578533
31442 38346 16387
26812 67092 688612
65092 65757 408348
41812 54287 940153
31709 37916 358968
15243 15512 509234
39490 67773 426732
38365 45150 907666
6543 11859 536410
61489 63240 756539
16079 59382 901682
32685 62823 457247
64126 70677 163323
66316 68271 523318
28096 66327 701569
62403 69278 669191
3294 68507 176924
55811 70506 898491
63118 65213 420733
55821 56418 319415
13829 26766 543033
68481 69286 470178
16316 34365 722327
71342 71362 163062
32133 50073 224311
50378 55335 13874
63545 71214 553520
11442 39341 302239
66428 70587 5604
49785 51131 956003
41475 59424 828701
10054 31948 454632
17027 55060 657782
37359 39006 134084
4775 47051 619863
5713 54779 765630
36795 56661 268721
56884 68221 226417
50892 64775 702110
6144 18275 55301
33585 50058 545948
68743 70892 66310
70315 71394 427824
17923 23455 976578
17874 68174 264728
59368 70053 437396
40652 50189 746733
56593 56712 308986
63425 69877 179197
44401 50481 72340
69572 70840 243667
32288 62534 270424
911 47471 456831
64548 64593 949288
41147 63020 266639
20432 20577 198155
69416 70942 574882
64889 68472 434803
41960 52509 970045
68973 70196 855831
41803 58888 880397
34312 37337 980420
6373 43661 6127
8732 28235 696135
67834 70189 911445
26348 30478 447625
46940 68899 820163
27242 53494 246433
23923 58721 701234
9137 37944 416985
41795 44470 658597
54118 67390 163060
25657 29731 336750
9895 28533 619760
62804 70654 728748
41668 69700 992374
51417 70433 16874
59501 63765 588503
14970 24113 229973
8154 62255 36684
57824 71343 701015
25724 49979 208075
6395 60786 776697
39203 50402 511532
27967 43510 531434
55520 60372 767279
28977 71385 233706
46589 58214 209445
22258 48393 550481
60063 69965 234598
6523 55118 921402
38854 42915 233138
17123 25182 623952

252007 24 45959
144491 238275 865179
42608 208169 623955
111649 119715 290669
24964 64684 475405
183490 244482 505911
122100 221141 653245
233932 236620 580758
55773 240939 965639
122006 178438 609515
248791 251540 561328
216332 239059 922980
216362 237142 678305
217825 240267 262980
75768 228748 294133
236696 248538 241731
98151 181445 816949
84122 173015 266540
178778 197544 184851
83776 89993 395284
249718 251390 665206
101558 142219 296733
57526 117383 746453
30192 92139 187282
142439 202758 672575

1 2 1
1 1 609844
1 1 882551

2 3 1
2 2 329698
1 2 706500
1 2 769988

2 3 2
2 2 791977
1 1 859719
1 1 648094

1 1 1
1 1 371087

1 3 1
1 1 35931
1 1 852348
1 1 993928

1 1 1
1 1 345980

1 3 1
1 1 418642
1 1 278904
1 1 698215

3 3 2
3 3 620274
1 3 912773
1 2 269953

1 3 1
1 1 900215
1 1 290053
1 1 414586

3 2 1
1 3 429034
2 3 836852

