10
1481188333
2 1 7 3 1 9 3 7 4

10
8127773176
8 4 5 9 6 2 8 6 9

10
1853266547
4 8 8 7 6 8 4 9 9

10
7917823786
6 7 1 2 8 3 8 5 6

10
4773832426
7 7 8 6 2 4 5 3 9

10
1845892716
6 3 8 2 6 6 2 5 3

10
9358896431
6 2 3 2 1 6 5 4 2

10
2183271532
2 1 8 8 5 1 3 3 3

10
8455161418
6 8 8 8 1 3 9 7 7

10
3885999751
2 9 5 2 7 9 3 9 6

10
8947473694
6 7 8 8 2 8 3 3 2

10
7941331324
3 6 4 1 6 6 9 7 7

10
5935212544
8 1 7 2 4 7 2 1 3

10
7486557662
8 9 5 4 9 5 4 8 1

10
6548583567
7 3 6 2 8 1 8 3 7

10
9246176725
9 7 5 3 8 3 8 5 7

10
8486379154
1 8 8 9 7 2 3 1 4

10
6141237592
1 4 1 9 9 8 9 4 8

10
8657266195
1 5 3 8 8 1 4 3 7

10
8155282241
4 9 8 8 1 8 1 1 4

