367136 425609
393159 469377
160658 452607
494408 596946
85239 185282
864898 926808
501637 759602
76362 489462
653779 883711
92824 575763
516176 643105
189884 588294
226143 473506
193246 227244
746024 948531
659267 788251
560068 570691
525126 638100
92211 723644
438983 753013
396862 766067
498587 874560
729459 761940
419313 949629
173145 375317
422510 771884
21887 803482
456539 683802
217688 643488
47413 768766
579060 822479
317633 518192
294670 903599
8005 679499
185052 945985
170804 907699
521264 673803
752549 784774
304751 902587
172308 643092
129526 300918
138808 565139
595287 697513
172895 738748
50227 393154
89658 599668
327493 681985
605550 742382
391166 794440
73880 578428
907512 920065
234999 240780
492270 986211
290972 366803
754203 754404
247527 321453
422394 494499
524256 592325
871014 996176
266616 698646
490509 570973
34019 998340
223528 881909
503700 943283
543142 565231
236568 840441
644832 996534
686049 797252
87686 862380
291628 429440
343473 459407
675704 940762
139140 202875
306183 474228
561853 573017
22516 414474
534735 736396
696290 701435
517978 673040
634070 896616
525900 861742
73539 545641
726513 821516
856677 952826
635082 905481
423221 751055
295148 937952
148758 531838
510448 830459
926907 991229
286393 404131
580258 627730
212649 365774
419942 449735
525210 841321
97197 208449
274659 411353
420735 746701
103858 107568
340002 928403
0 0
