32
27 26 90
79 25 57
3 27 7
33 67 26
64 93 56
81 68 89
75 83 82
17 32 92
83 4 99
60 64 72
85 38 91
9 7 97
98 52 67
75 69 7
89 46 16
65 9 37
11 75 38
91 84 55
96 44 6
64 23 78
94 57 83
46 66 79
12 63 66
70 31 15
22 15 36
63 73 76
52 42 40
37 73 91
34 47 99
44 87 70
20 58 70
4 52 61
64
62 4 18
96 80 64
96 9 42
87 29 74
79 42 64
100 19 72
56 71 25
92 27 69
47 13 19
50 90 27
55 99 35
45 72 98
69 7 14
64 19 57
45 89 67
65 65 2
86 57 73
44 98 3
42 35 51
42 1 2
92 26 95
7 76 49
3 28 12
30 37 53
63 70 43
74 9 88
70 34 23
64 6 20
74 88 33
7 78 54
37 58 43
76 4 90
60 33 95
41 56 40
23 23 5
7 18 78
35 36 90
97 91 14
97 76 89
90 95 87
85 36 83
43 22 84
8 12 27
63 23 96
18 38 47
49 63 89
34 73 64
22 11 2
22 15 44
55 85 79
72 26 91
88 36 12
55 8 7
70 3 37
34 27 77
96 84 62
10 10 25
84 66 23
6 10 2
90 96 38
35 92 36
1 60 51
19 31 88
17 25 83
98
51 23 81
36 78 91
50 16 42
95 32 81
96 91 10
51 2 34
97 25 70
59 5 1
25 83 30
46 91 37
95 24 86
49 58 54
4 49 27
86 89 19
93 69 97
18 92 34
43 48 95
75 51 70
2 80 23
13 65 96
78 83 98
56 45 50
11 3 84
53 2 46
100 17 46
41 60 26
16 66 68
37 21 31
78 24 59
77 33 51
94 30 39
45 98 90
63 87 59
47 86 5
69 30 72
73 39 90
62 66 86
90 70 83
8 18 75
28 68 58
30 41 29
21 41 71
24 80 87
84 71 85
4 59 39
10 10 47
27 10 74
54 51 92
51 41 14
1 27 59
90 66 37
61 36 66
48 2 6
96 81 29
37 87 65
22 72 9
66 9 3
40 26 55
33 70 39
64 99 10
24 33 65
90 25 69
65 35 2
76 5 44
46 10 98
73 77 87
52 28 9
13 57 70
58 6 14
67 3 78
4 5 83
96 97 28
14 45 83
78 6 46
49 91 51
95 47 99
75 93 17
96 20 13
26 60 25
29 85 52
86 96 83
69 67 90
7 77 84
33 16 94
68 88 64
69 59 86
55 5 7
19 42 66
4 49 7
62 73 19
6 72 48
34 70 77
63 6 1
49 55 24
53 42 12
76 99 75
84 59 94
3 62 28
28
58 30 44
50 13 62
43 63 80
15 14 75
3 85 84
6 47 94
25 91 17
81 86 12
79 49 61
69 36 62
53 55 41
20 38 14
83 43 91
64 19 3
37 22 80
73 20 33
92 43 80
83 45 60
25 76 43
49 63 77
72 79 76
96 77 25
28 85 80
83 90 14
18 40 99
16 2 22
91 51 7
75 31 26
0
