1000
1492282384207228884
4986788986219183800
8396834281347695167
2684003846253066303
8892343361556271660
1078667624862500967
8273752224658118368
596618810748706888
5296385560514758259
6054132519784787176
6749022485530520536
5645039054979570331
8635436525186761687
3218685152723180881
4288304776474249083
4446501149744946289
7224892988339357402
6628843524865413808
8396548379048150998
2242663926979119545
1655029051544253242
4604878060130242515
8048324237204852778
930699960314127298
5323983233280928059
6500959839007509493
2140633263594794882
4336540488317391608
8370882610353443449
8162316945425601285
8576587174840041898
790523080909576909
2500663672258488396
2288729952491547864
4395716174713235257
4415787825662354665
8753552219685049091
5331317862699524743
6065350981629427598
6741781106676078531
4769003189226591165
3007855549735630945
3978476808282956867
3122044198455442614
8163863013656499021
2371653493811390644
6197854226998110315
2553535665964283453
5943327331846168712
4589170236555159647
3639144723885763168
634082349418874268
390414423814871087
6327625764239647291
7063340463876663118
660503492266862082
3463191302038127440
662930873606927087
1338622276436835659
8399730293662859451
7386395817506394659
4624904464818104335
1214508798346486997
5499981841726943874
5365681266224956918
6523801974557404343
166327530375973080
2824629238640240600
1973040679470850767
113117972020191723
5435253796622872648
7433888891417637039
4037399239186712222
3891676280592115988
4835763471808050222
7628796298080141979
5000693101737493585
6279746434055358738
3900842774522980449
6838206045022397169
1430776026989995464
7457594284326232975
953408287361494392
4031839426891275217
4210530828485950741
2481256880488704602
6682924161485123546
8374766355794697850
8692677202189401238
3974782076154840347
226862530033074855
5803923417371239066
6466181505858152319
89302237413420893
8713798632936950120
3691371418031996020
4961243510656944570
694826965241278519
7078365574293942035
3471825144912052286
4753430690544795512
3629482090966968340
1099947455109601492
382143525828073493
8897286501344444272
3411899499753959962
587040403771890203
3280246322306327742
6683861383487802111
9101940824929411021
3250876982863760512
9106307278825218302
8596027418562857115
8297889925259331924
3575420782201606280
1317588241402517740
2963035339464225140
6893194781601402230
391234302469398471
2544833083241781409
4600072280583869221
8452954869086081
9190836882241461716
3195479967408535527
1440060672788425194
3497287696619604669
765350985398991843
3700681296435976243
5660660578942825493
3264345185417505258
778005570619113190
3611443351415005539
978773396026703332
8597794564737496845
6573413979768436045
1928418288889572555
6185686251186751874
3736825274008306698
7238039633294773082
1041935247245204547
8216445710993799383
4810729070384827417
7471017605572785580
2501201896064353510
6600203751288790702
1100609512771931442
1106113081843169610
7585037572558218108
2178646369280898369
469409959160928130
3743184054706754153
1764701212628498458
7832624061639020618
9114436386597271197
3173360755502530416
8732408361225543080
2373282205151513045
4264127034952651417
3524928342933901131
8494135854996409725
6575433254708947068
2498100412649188933
4365403576245139610
1545683768157567984
8050941758836344828
5992727144644690833
7134351531654160987
9184633832900452059
6616565501494883018
999711282470510495
8123073619036314802
2576949487451226511
1021199248995144252
3853000380523798316
6884974714006905203
5979598993847018904
2683137503591896628
2595037309515964747
8422082293261177470
2785321027303955321
2986317474847739324
2620968005712654751
2558057961494987032
7016548628599289586
8318309805149291522
6031533267466859532
5121755918787820471
389972251997953728
4106541246710292861
5243190740000166938
8595459858493197554
1762067840267113831
1909656800932056793
2501820608726517120
1530516674127998078
6129040302492828964
1482568704650874746
2000472126729568075
424718243117253716
4017632696489870550
6402024539960218084
7208507011891207318
8338108162580174320
5479567425917091437
8669439135342886954
5966842518963112892
4368467347209091229
9187984642978461989
5431688309667410732
3977100896828097355
1955411260711472772
8163791626466588818
511086671723919404
5842548481171864718
6676959822529968893
816740277053882603
24534971390323496
2018756055321937985
8825139787684244091
6018111921324661041
6050775337055776294
5927060786443297691
5185071037713964602
4161609303565850763
7488574241216686618
3389178010340953411
7685898735995906671
395606662904091930
3147980203291528365
7464052294484486344
303797478043118312
2511213202170606902
5728627251916663591
8685712524697680072
7860717752316284039
190667903794831287
2167057985249432175
6274446272163753105
6998849167063127610
4229969591206170492
3507001802812569739
5657096716045937471
1638729741319564844
3485361330775276158
6213258845991991371
241556024137959878
8396146850377203655
8298133909859367952
8046892367259034004
4566580619353647769
3601160990290061247
2163388392452872679
7159573256730115667
2776928848561352487
8705475614404828340
4022209132435477404
7613261147881184982
3889132141583515532
2658939450423507061
6222246875705724543
3559845479870180442
2496259383185900608
2726965101098658067
4395698569988097481
1216713461703804237
5330727460502599355
2128092869596693899
8285596279376548627
411606428085061786
8623446913132710722
7193271603631567391
1257582325570150835
7500710193928871274
8705984929097462739
5256259078234218194
780070590239420130
1124673202484795278
6047470110411786845
6370656591289979140
4857383839112583250
2822109479975535252
197866629938193470
4389992291231750369
4254462888302572096
2487396610770031049
2340113235168669584
3746518243194822572
7327346549198450888
3562527454277825143
8489783977994614036
8206807808328351956
8467048541153595100
196663166237149264
3673620240319740518
3959093487828537361
9147940531462698053
5441315482735741253
7370783994823465853
7874312379302300499
5694912852876665714
1141787367559452332
7330212142532481010
2912045444173611932
1481844984226001155
2690777611047167535
4822086244878296868
2413325278542183819
8829346668579728879
2082537139944893887
911047696655912836
2501163287607216397
8645050990312454538
2163555474484125691
7413270830051549268
4064555278384658539
2494793495019671748
8067714798361563009
548744303412294800
1173796183008414516
4796141719992028441
7505839816633863575
6918191573019905397
7310680506598019642
1589809426201871084
5681248029236082904
3613364040521883786
2821203308760290235
4002527325597303877
7281939940056523373
3271923043160305591
7777650020110189889
7562114205912104176
6082307521868277446
6060446351072906805
7469450718250866964
8585063907245145594
4101674400007787930
8062807429295369332
1485477999140429737
1694438324760248059
8334994133760779685
4996047295514373270
886905464764100121
5539292537754533052
7385770041761074573
361379095285846803
2036695495506380365
7467972215398193140
2578127482492657257
3308424075171754495
1891966690487623377
5210772075046234442
4746362811981694906
3795828048523591653
741957252706534701
27105475714861956
4530876917125912024
3256136411434017388
6830877618278393892
8985551633469309216
4925228173828456544
5888535445063464181
7352041466075911220
7542964681249623214
644434790615787539
8703977020658742940
5728422803040504502
7015569273958947596
1919907831957133155
7596735300729035928
2916221423302770874
3090872993888044019
7559607236616172786
7840124524715500135
1116285574974471087
8285276060002729226
1803312863916759509
7023075538107113262
3489508109902033780
6511629774482542475
5706124323128445933
4344316298778542080
6352758082378872845
3130008279375485324
5558684986119139628
3088863677960900413
3890574095279469595
6539485335846311064
2959569368824230967
6108599087273990615
1987457924870205639
4472381050944429816
1464969729986930364
5447278257059888815
3604086860494250025
1675639723702663630
1601083781474796817
529112278394073032
5691206883907568883
3140821505566860534
7152811374725010355
3090547590570620563
4180543255114564342
6386883323890043788
8280825858636178956
8027729996322576468
8171026288172624602
1288455151817250482
8684947638807833924
3400310242827785854
9082206392873091038
2545286691389637942
211683681348888871
3166219633470989465
2462098447042404510
4064599672893436892
7375852147479558577
9120576054999481457
7254217623614599056
6338691694049214049
3135308793647339698
1283455202426349745
183494295458879286
253072975852297040
2681913737395406043
8956446461915192063
8503476539174632103
1987622753001825975
1383753125187165020
110254228584948790
3828215951046271922
8913315806263725281
568037157401863653
5189082674946896406
8939539400975626027
4550641935421582969
5965374966160711356
3255750863861234215
8488117147219815585
2431012504215694996
7106520872605186902
6171168691967693456
3020702995894365184
4086738954654367517
3708940106098387099
8794347170914134703
7467527385287604474
6601040940664533804
2068152059284465661
8511512999478167440
107515798656798133
5468709882942407247
8687225087284368838
9157106867811417646
5406170421718611608
1910262100858413499
8140998836365440890
8514822760888048627
7442110820034095432
1699607730981715613
1778514829810246290
5808627829604258952
8198020762947379293
1555908794121601988
3711110545459322590
7974673878984891418
6191445478439834055
6344912812287494132
3294408547914548378
7532322979643396145
3809761335336352905
1200599967460948799
2557823068442208275
4990608740710440288
3247881232365843173
6518239489127914755
6424854380253912262
3938987827054230831
1788451355358293635
3633930490355532594
5380413229678463950
4842700454050840224
2335270455563900936
1890002235376486593
5633255572618568143
7827434544331733020
6414883759393026965
936873563266740607
7818750271613559493
1166078385155087781
2365686579372872126
5791076466109361480
89789249178529506
3239245421952903883
8993903384447267454
303216718563696785
1400467675249407349
7456332434119479030
6702332275625389112
3832339421108500192
5076861467115072291
2761217102992646203
6722514970920508078
4714098485081797882
4099302805688088061
6502364690888233715
1772376221754787502
8038144551380798048
5191291881868728245
1667369001933815052
3452220782824229243
3890590479644435962
210208350311156698
6834705119800843619
7604648430972023914
9012323678948655661
3850823777300270593
4095719365872038589
4903049312743662707
5508782197740487596
9141606868696287384
8574849073783265052
8073519067038604438
1001832980190062953
7361633890136374928
1844376884622240251
2632870473379763214
7436354383082069034
6705742255008338550
9055108392399432252
5228691219793002958
1280419162234391753
363057608949291669
2394165440401826065
1004146297843983897
4719109840608181741
5549546636646977221
609624905394013848
2301009209793345564
1442610998371545991
1188253056903733708
5397907859854386059
6393820254312217835
6286542147807798353
3968817937311586711
5839438354290353561
6738427381232798936
7957161493402091377
6814761861232419043
5066555688107645821
2631189212476942691
4034865529581156284
2584937057596833734
2072692774483383361
1993642781622530925
3899624210472123599
3330316051171534763
8506667529538530873
6228945538804465547
7680445265905699135
5004228438577177637
7555313699282317689
3148781300417202152
189720971122920591
8341304363422681805
4095571777711138518
6940528268563294396
2878569534696698503
6936204965053978946
1559763076949119507
4657136538318197901
186354053654766792
6124752341479123601
2673147126490006749
428998894359506666
2012337874586539870
3147169659812453742
1111429860185663074
2830244574504995155
2457702167977697585
8148356465020172018
166360309170627404
6195154415546402557
5010948262819468049
8309205665019267180
9183398351039591117
2488263091248207124
6374980679173295005
9129164140832886082
4872357472349400305
8973718530142726970
3868689266369635403
7523524251690128977
1579990622707600579
3219595270748552623
1172415220414943444
25905785370021666
2149901117435515496
9159329245664644705
1549656172439203727
4744339630259782436
7987683351943583555
7269587150847264893
6345260985721088773
4014918470157046065
4491313937206183038
2125881959005371950
4329591046298726256
8970327865951865268
7531684619484070851
374139221709030145
867792216509333878
6083032032699820239
6882672051511032070
5676082816978717478
2768219328392849013
1543098446494901728
2768150350108650042
3651135578424270428
9171772961530011366
8414952807101516590
8662324866649627810
5954276271954559787
937064459687209078
7701588765945704536
7132661804347054632
2209363066467250983
8686277802106304701
8364205857885881457
627494338814511702
9101548592595912553
8532400092898280305
1445762723710816310
4114749355898039434
6626332753780273610
4184577245456265300
5417792727076441986
5555103665245629771
7029918395924592874
6073068870448750910
3814161351202290573
1584550852371355718
8719268136047426519
3118156700638848450
7327773873941494797
3860969009356504629
7061619357449300738
6719932444282767685
6868049873244806598
3105293284839464048
5770061526867591202
452119015178067354
3241539937617744606
7304468984747840724
7546053247698394157
4610649873269138796
2242048421568260925
3655615479968162869
1584499676387602023
6042941364587755790
7061440123596388707
8037535084776876291
4399981946266545034
8079569692894906654
4103542367686833833
6614708842874957477
3151379328326071634
8957858210252864554
7936940337348780104
8737483493528989497
739424461763338813
5088204176753376853
414908312353717757
3414865258463048926
6646068427598792110
8680317758670630229
6995314955743820606
2785970181616922904
6647726529112949350
6980749449158712439
6907256621930760013
6451371559915748863
3819893074708271624
2935071250674218705
8605043963825750966
7359600673607943422
5806739035647163434
3317578393902764439
6059217054606982077
138035135483341664
3742091445429973588
5011739011912748902
5305522333660928435
6860495840805674738
8073828795309388603
2792049330923098180
8082026199681800478
4979124124402882626
4107826054965483668
6049966022564094020
3004817242534374056
3424199846376244929
672476359071046493
7275365149421143144
5253834979536140704
8380479594242486230
2226477310900579223
9168981134575291464
5249782405666576003
8887030974306136056
3180583043938450829
6318518721550041251
3993297579647345456
60321241178514555
8821281146925525762
6131185218732414951
1139687705515923682
1044190802539325594
2399919339145202463
5079544342188375242
6572550359995614360
5216641877262751508
4750414904414328824
5268107142764129840
1150945911615142990
9190376652809541176
381252684605909287
5154915030231545701
7100172964956537946
6160001739635203723
8338646268850914602
6875304231325089350
5732568890545551809
3354528372730398521
1972411920433301096
6118430794054344904
741884966142559533
797466285620010528
5314644772445673982
5560007605584280522
782990158047197161
6684480756219203928
5513313400520239183
199261045484524305
2477803768762805546
6739706345413641253
8286038191813644566
3139624417644831470
5498961320313119890
4283695654381424175
4463366120473629452
345200076248615614
4388501848655799575
8068617466306106064
5321274061760447715
3616910548839437520
1164001706990620022
2324983426037001408
8778711108936156183
9068689491636527923
174725259770039715
6218991421423050188
1653982886518739461
1022722370124606369
8845033720085867057
9033818908925841851
6901976027003454851
6277576159809252373
3601155583940146209
4621705238699436328
1577458591811452059
4645292046153915193
3524762413986037383
435766954507488463
4887807784768803335
4098803929366515121
7171936061886859903
3019535903165587202
5292369664143922628
2595342488322850032
7841842407778411317
6201332453362292435
2630398903346522617
3558037380939865092
8276870316965011780
8172686741838431214
6913522191920431845
3702723474823570420
1379056032644676174
3915025416066949355
1431619703222173115
5930390858811613967
2342854761476839877
2372555770221281679
4080053776047998297
7751172488418412223
6665703658444580931
6544397250625634776
588015385200914339
2178393095989316170
3032087927005519500
4213053892067961912
627218738421120358
4049447182996153507
8933589805507069491
3002162150111029484
2526107570420708989
1661401745676238166
3785131020631144306
5169463361642214838
30702379101163416
4624973608258443506
4304833625004600119
2735515209865494124
2326781536314635361
8594959742437940932
2578436097425555238
1776966442566945890
2129827223283424361
1454836095622269670
8082977473689274606
2138076740718750855
4989478495947334033
1427875082792906281
7920849458940757777
4056677736872087547
1517294403253973239
193466948943746511
5940167231480822875
106013858092528651
6787058359810034641
167815984313273989
2823928014514033118
7494715546352813732
5225319338793191043
63973101913451582
2846238621032982167
1548489463053362284
3343878837683733156
7281500266843911160
6078707277396371905
7673056286992159766
5293102408328621036
4104297884314207705
629440270175559774
5295740238627306375
3747492036744901902
3530294258855148934
1556432754480764031
4532527098561962917
5988085950881162472
523185299764283474
9214113490872067908
1639199917810231719
7412987463642210710
5459735954498679285
5675008948876342946
5203784652938233807
2433315823011806585
114057673556923855
3585839189799603463
8572474163548699036
7801270400225936646
5698645622444450687
1755144570532371592
4624854744769960151
3314654601221876122
3541399764981741727
5787188151306150662
5448161822852126252
4365130861485956231
3876971806831132569
5809987253211304642
3404617819420186435
7919585452170042272
688548432535498334
9099682159306717118
600555466675428797
107767360753498718
4560656441765380495
8680268199257475558
6701854905854527149
2258463159436742103
5208075706007424521
7764042948442008605
3945431771982914442
3776670816313717167
3924558030978240039
6312559952391587276
2265173483381854224
574678821688756341
2534009490971523878
3489282211347994441
6122512413222066523
7136759192394915599
1755271714439504074
4421961254103139551
778238847462453899
3210537092476140637
9023059824599364623
350827655811947183
4148712710988958757
3525834745215863825
8550456301430623252
1997765716483610791
8307804908307281873
2126835774330165122
5750154314802318888
6366353438030524319
3336771726551915131
5245873536800291458
4083994174560398828
4109347477417942143
5838397757005369263
4322667358587843970
2393953206447996491
2321376364801701360
4661254789321619361
8535862497571808298
6872567222047282414
2165683499279113468
5176949473958881745
2047206208313065296
8269631804992228663
1290213439489233506
7618540619818043127
2440368835789424454
5934960411166883589
5488417261330892861
8228672190103092843
7471356009499775043
8223230675774589815
5598861047171330985
1534426634835741183
9181769823367556776
3204988736946571513
6095997061441329086
7289086974110615938
1093918093871776734
2900440716534341315
6909596532200190138
4109026393313346962
6276579860107315084
8300689777070524757
6924276259035852927
9044335856026853077
5506568229975762688
7536995852808051108
434430164870203704
8192227183054297161
2966376133266613370
8138742972448722975
9142039902825029829
7759269719651619192
8390658293087877512
2266821573285345094
1204609107016130365
3759261989246832991
4187391503041723879
5331868431794271094
5563172684972332776
6481364196289599606
8868889655199137646
3060877801628764461
2811992088604167376
8831558321684337215
6084563773792093991
7079569668171996701
4860352613802016901
7238154529995010237
1349274726825307715
3408161979396016287
7779206382046889628
6748412922204511205
828022542013883703
7289507094240030309
4843971624706543172
3856248595467227373
3649383139942007300
8058077504476034658
2607812808990485039
6055529802618461262
3222090506954868641
7110934902506997756
4667226454578096060
2311626154354884944
2584243314064203169
2343706389913567558
929285954049276009
3627546403287822503
696859755049528238
8396342248689686829
4164000968783331897
5120378547783304667
5436981350579518814
5000216743834357761
4218385220346082922
7555000958531499561
4097877236211523182
6263830571697293089
