100
5 1
3 1 4 1 5 9
2 7 1 8 2 9
4 8 15 16 23 42
400000 1
113202576 216073806 198274651 252396601 86226052 269802946
113202576 216073806 198274651 252396601 86226052 269802946
92977 235892 396203 82037 148614 400000
225514 1
586459941 790973290 270148022 796740565 393224102 800483568
999999999 999999999 0 0 999999999 1000000000
304729536 370548094 632152190 743343746 75656201 924188234
400000 1
534260855 170811427 390528043 630284778 3671696 700511689
534260855 170811427 390528043 630284778 3671696 700511689
271936 73215 264374 333991 271349 400000
400000 1
14111328 30013814 22044493 38814126 188357955 319264489
14111328 30013814 22044493 38814126 188357955 319264489
272162 321365 130358 369638 21398 400000
184174 1
0 0 0 0 0 1000000000
547571071 371668203 642937282 663808885 189133421 838469230
57509213 13436658 24803354 7760920 33603937 59263645
134171 1
0 0 0 0 0 1000000000
723579079 67588573 225669670 47017331 565948406 874025564
374253967 23601915 600590432 192711455 299533976 675018922
400000 1
0 0 0 0 0 1000000000
999999999 999999999 0 0 999999999 1000000000
161773670 93130616 74998228 47663768 205925242 292544825
400000 1
431236038 328476046 325244995 183731031 352952917 432972816
532818225 127827657 369738703 597707903 719059758 735507968
109399225 445003030 676060036 372562251 23252975 700657032
400000 1
33040100 396584921 107314601 380348818 96831639 459642794
33040100 396584921 107314601 380348818 96831639 459642794
0 0 0 0 0 1
400000 1
55810081 67674327 63528829 37819641 32925041 87457264
55810081 67674327 63528829 37819641 32925041 87457264
7140 255161 41109 51819 68778 400000
225514 1
123660068 229435267 256756320 169686959 79079178 334388325
123660068 229435267 256756320 169686959 79079178 334388325
57312 4826 8475 182597 153778 225514
400000 1
165077056 502139636 677854573 580982221 26941285 737845547
165077056 502139636 677854573 580982221 26941285 737845547
39341 380694 131653 108290 326582 400000
400000 1
16090201 20235228 10510110 19488989 7272414 22810213
532168056 206995484 413643025 567981333 641028586 794314838
59672589 147284662 109479043 112867874 1678224 163323606
117153 1
633250889 439993555 117692597 934525756 547637147 948889261
999999999 999999999 0 0 999999999 1000000000
491866207 587082363 63917911 229493574 199256124 632376191
225514 1
0 0 0 0 0 1000000000
492664780 739539537 274549511 264206539 438753483 810040282
128686192 113331568 4901596 241527775 2168828 265715687
400000 1
97752015 98548829 217270873 485431252 316477058 534280216
999999999 999999999 0 0 999999999 1000000000
41443521 3509473 42493498 1010656 17459661 62445119
400000 1
43870338 500641401 397349288 487143452 317856511 682618300
408379965 673699725 166745688 696071620 687696196 842636171
404340794 168478230 254646148 230456242 561477779 919778446
1 1
0 0 0 0 0 1
0 0 0 0 0 1
999999999 999999999 0 0 999999999 1000000000
117153 1
826256724 321676200 513176192 598694370 743021216 829351369
455330399 484030127 519151467 750215334 296732174 963283929
632786337 329268283 473123485 698593618 776212537 951044432
400000 1
0 0 0 0 0 1000000000
999999999 999999999 0 0 999999999 1000000000
36435939 19661399 16891811 3276803 60037830 75632190
400000 1
167231591 118767715 81365224 153696463 7623841 200051502
167231591 118767715 81365224 153696463 7623841 200051502
33321 279073 184886 306591 111211 400000
400000 1
100162849 93633143 85448074 210333697 216088141 252813854
999999999 999999999 0 0 999999999 1000000000
387547296 492569631 888223712 951673267 830693251 966644639
400000 1
89456503 129341327 38658938 178972388 32014903 305002801
257179792 190053155 348345994 28572849 318556651 466068385
5293343 34871653 39454344 178506036 155980662 225967076
134171 1
262413095 153796649 64641986 178540758 242797703 263446366
262413095 153796649 64641986 178540758 242797703 263446366
24146 109068 18772 12563 22126 134171
400000 1
366659102 507287541 725162639 658835656 289616692 889234608
366659102 507287541 725162639 658835656 289616692 889234608
54524 158694 332543 363657 14951 400000
400000 1
0 0 0 0 0 1000000000
32104803 46045455 104802533 27890792 234428027 274919135
396714216 241352260 416817412 208136677 97230950 531481981
400000 1
107919586 35022525 104057483 36390276 107411178 122216544
107919586 35022525 104057483 36390276 107411178 122216544
328883 370323 130416 292321 12285 400000
73178 1
0 0 0 0 0 1000000000
999999999 999999999 0 0 999999999 1000000000
171315927 229195214 252838369 151927655 485228841 594322938
400000 1
401703541 478260374 102486779 300653730 726436832 894487984
401703541 478260374 102486779 300653730 726436832 894487984
110283 22730 98253 23930 237116 400000
400000 1
391324790 379478599 85345871 147527872 381133971 584854503
391324790 379478599 85345871 147527872 381133971 584854503
321556 327337 100607 66949 243712 400000
400000 1
7582491 77854958 44426091 109705325 59431812 123186801
999999999 999999999 0 0 999999999 1000000000
300460788 463119759 152664019 246967547 132516965 984959186
400000 1
6465353 25996257 4530480 25605549 15957132 33583986
6465353 25996257 4530480 25605549 15957132 33583986
223698 187567 44058 81722 378856 400000
400000 1
58392318 48023894 437966670 246556690 57278575 767798773
256277497 276683997 437493762 198804265 145986774 511822271
52808090 62213890 49356613 32652507 60818902 84801227
400000 1
856138253 128913117 309715247 775666134 853365952 974598828
856138253 128913117 309715247 775666134 853365952 974598828
112031 81815 177158 259712 240376 400000
176408 1
261152281 193838056 341407336 330164646 454169145 525650892
141233153 186501994 208460283 312696243 221455261 333170136
657006335 161128630 765934659 719116575 446135619 919998081
400000 1
0 0 0 0 0 1000000000
446468341 180764113 196422575 372478171 311575486 565310618
589503583 46409866 834765523 741226904 753432490 857693974
32011 1
1960438 420358062 174956123 471087885 30638240 558101171
999999999 999999999 0 0 999999999 1000000000
237692959 477870254 84190812 529564277 347157699 706159545
400000 1
0 0 0 0 0 1000000000
861765133 501219464 681671066 561289422 498183157 895236700
20173532 445510906 19471814 513146930 516279918 665601453
184174 1
51253321 17786154 41641234 50225888 20710147 64635966
93496532 170844609 34941574 259750190 187637293 568814366
268563985 935787052 182656381 275201664 223378490 976551664
400000 1
690962404 161683923 383261910 457561907 608208193 812052842
690962404 161683923 383261910 457561907 608208193 812052842
144825 157584 298528 397838 231808 400000
400000 1
88367071 427144972 546261831 412714998 251385986 582035211
88367071 427144972 546261831 412714998 251385986 582035211
370659 290421 123089 315352 385906 400000
400000 1
367184060 140142328 88429312 688182378 241268430 814562896
999999999 999999999 0 0 999999999 1000000000
8799861 12588616 12768662 12907633 12018683 18125536
400000 1
24218992 75457553 72435978 56879308 70792443 86058851
24218992 75457553 72435978 56879308 70792443 86058851
143653 167513 369954 212222 320679 400000
134171 1
0 0 0 0 0 1000000000
999999999 999999999 0 0 999999999 1000000000
149298771 144327172 44479051 880808 101933258 174939232
176953 1
56032000 69277254 120190407 129252821 205373781 212541189
15637600 31256390 16953215 40733361 28798098 44530519
24865305 236522085 186130602 15356365 62444500 429591769
225514 1
99241374 76436416 28172805 48817841 41437297 103625977
6820307 1943149 4237892 3397498 8031811 8881822
213530245 110747067 200612863 129634858 72030796 374930307
225514 1
0 0 0 0 0 1000000000
999999999 999999999 0 0 999999999 1000000000
5406453 193629275 118376221 181984402 269027120 337074791
90840 1
15424882 19629100 27995280 38071762 28193365 38072170
534076021 206432173 689529665 555729849 128790993 752934947
153488036 471879467 618012483 739051809 30427331 900560906
134171 1
29188714 5666795 23758188 23579613 23860528 31176598
371513009 292628579 437958326 255823896 248421039 482752169
660382245 154761070 292144482 168119176 885817436 913498173
291068 1
442189483 532453329 144538714 662987225 87164126 692434301
104790679 82981580 146050740 157348575 121901405 197699677
194776125 298214333 168366224 706860878 359924612 799806122
400000 1
0 0 0 0 0 1000000000
999999999 999999999 0 0 999999999 1000000000
220223096 111095975 593102224 267545806 221369309 696669414
32011 1
0 0 0 0 0 1000000000
37842127 30997831 37280828 18742762 23262746 67755653
407773974 896305547 373587070 734896256 841633185 984008932
400000 1
11870033 20746945 34636567 70426795 72420892 83591658
11870033 20746945 34636567 70426795 72420892 83591658
376417 313121 324301 399909 97768 400000
400000 1
364819236 796773647 761929607 341437979 139514860 861065141
364819236 796773647 761929607 341437979 139514860 861065141
77529 249391 40465 33351 120155 400000
400000 1
102713336 170989259 382510616 63538159 745073903 804378984
102713336 170989259 382510616 63538159 745073903 804378984
257509 369986 221185 304829 233330 400000
400000 1
0 0 0 0 0 1000000000
999999999 999999999 0 0 999999999 1000000000
76077304 627687083 734379870 526921194 603649340 969003059
400000 1
59423549 45469426 112858726 395695587 583886489 596440505
59423549 45469426 112858726 395695587 583886489 596440505
380256 120669 182380 279011 370065 400000
134171 1
345152921 274422149 314282609 70701012 168067083 483704723
999999999 999999999 0 0 999999999 1000000000
668691300 385356938 579304240 2670157 105989773 685107630
400000 1
317707253 386052695 607862488 209528702 7915677 619303347
317707253 386052695 607862488 209528702 7915677 619303347
262488 79204 216419 120592 60468 400000
400000 1
280022204 62874274 185984739 392624400 421768298 710423544
280022204 62874274 185984739 392624400 421768298 710423544
396483 114927 191638 115601 211410 400000
400000 1
390104842 117918278 321359726 239187099 353913204 393671621
390104842 117918278 321359726 239187099 353913204 393671621
156489 339997 124373 304990 99994 400000
400000 1
347902171 781652432 483777004 255106721 474251380 974656480
347902171 781652432 483777004 255106721 474251380 974656480
146110 86500 237517 315171 149159 400000
65188 1
526056077 285957913 232487637 122360202 576431705 805639415
60420777 47099950 103740383 91525883 41038002 106901145
334753545 407250920 370675612 514909637 253228814 571538024
400000 1
0 0 0 0 0 1000000000
6793770 13321691 4584782 208378 1092030 35078183
551200527 797484308 27559193 122983330 791931210 908985294
400000 1
170190928 145846417 104572849 112157133 195425476 216953089
396727839 458753575 390350399 97466334 15229682 916060527
498378378 132648816 533318350 514597178 581185883 846328668
184174 1
145858615 436258241 370118951 250436362 296601453 496095174
999999999 999999999 0 0 999999999 1000000000
214812301 87911058 311736494 29707446 425801148 451268573
117153 1
0 0 0 0 0 1000000000
634556159 699339710 357299035 587154274 627124619 773036690
869541958 751188750 128064578 905057425 278555775 985902764
400000 1
15761423 66538855 64351117 98306843 101403938 103850484
999999999 999999999 0 0 999999999 1000000000
124478446 240993300 183261239 140655481 109525084 531270772
184174 1
3037905 28250261 50128406 45757710 54860421 57143674
3037905 28250261 50128406 45757710 54860421 57143674
150929 137289 56511 18663 143127 184174
344541 1
303920587 297686181 16066108 273207643 212782230 383889081
174906061 130484638 176872676 11168505 46334955 253203779
195569759 81843764 110041389 129592015 151992651 590706043
400000 1
367822486 521622623 419759066 61653303 558805157 569418912
999999999 999999999 0 0 999999999 1000000000
73230278 8976887 73197095 97178506 10834226 101956433
341275 1
190128581 352138457 489624620 324576613 779723468 944918827
276260841 253153742 485883706 75886266 270422164 507107925
229438039 99959313 421274397 469924057 491957282 520098764
32011 1
395521339 195136805 155678951 226919596 142128758 715093539
395521339 195136805 155678951 226919596 142128758 715093539
20768 9096 12240 9677 23644 32011
400000 1
0 0 0 0 0 1000000000
537313467 280054044 8505798 544321751 270296897 580576884
105173305 752808666 852006065 803556743 494574912 860764741
400000 1
507722214 85062557 408569954 590501203 309787783 761431798
507722214 85062557 408569954 590501203 309787783 761431798
63813 231329 123127 16816 276097 400000
400000 1
15633850 1291431 1100833 6545633 14583222 15971704
15633850 1291431 1100833 6545633 14583222 15971704
63043 155393 12182 398511 354077 400000
73178 1
145303905 61943056 144429487 161799786 161530591 244604786
999999999 999999999 0 0 999999999 1000000000
3418379 33231680 21169049 27751230 3407847 33850818
400000 1
30003412 62714106 318728543 281195627 259865715 334531725
30003412 62714106 318728543 281195627 259865715 334531725
244932 230557 198849 54443 200033 400000
73178 1
955016518 906156146 78544628 187849458 277872503 975350696
955016518 906156146 78544628 187849458 277872503 975350696
5357 68636 41263 35341 43405 73178
73178 1
121262383 15482393 79461132 120388504 34196090 137652851
409542102 493339397 594921086 401536331 400176964 930027679
66554104 269785522 103742663 129505894 82956907 275422995
117153 1
91959254 244825971 87741207 13244094 110497778 280401694
91959254 244825971 87741207 13244094 110497778 280401694
16717 35673 53260 94797 2021 117153
153878 1
259323230 54273404 232959433 441985409 50529711 523635720
581469228 427657798 138701984 156666587 167633987 659504378
250350867 45731161 627263871 516100700 382826752 681606891
400000 1
181356593 194579769 190668656 410239843 101738299 460311008
181356593 194579769 190668656 410239843 101738299 460311008
89413 375440 316706 110147 291561 400000
400000 1
0 0 0 0 0 1
999999999 999999999 0 0 999999999 1000000000
0 0 0 0 0 1
1 1
0 0 0 0 0 1
0 0 0 0 0 1
0 0 0 0 0 1
400000 1
0 0 0 0 0 1000000000
999999999 999999999 0 0 999999999 1000000000
212333496 254827233 151583087 370624131 238621513 468747676
400000 1
108003906 171678783 26269540 16394386 187595688 249970562
108003906 171678783 26269540 16394386 187595688 249970562
387553 157430 222452 396562 361449 400000
208137 1
34943769 129034595 1271441 26694862 34931066 366792741
55377986 243997537 96824944 43502794 63478542 408965126
490855508 465654566 76710680 356631246 53939293 597136515
32011 1
26808989 97917717 85154912 94090299 76715405 105950771
50109491 240996769 321992178 160500821 307492702 538511554
443360552 378008111 104998806 256297830 463591424 524312085
32011 1
0 0 0 0 0 1000000000
999999999 999999999 0 0 999999999 1000000000
147300445 163530177 585212973 659659865 439211619 838712451
400000 1
0 0 0 0 0 1000000000
38716426 633910467 619369960 26239091 555559553 724637564
313148801 456369019 171255270 620661767 702558811 962048448
172196 1
616259326 833341637 615962776 144351978 17595122 916917575
90655218 20669588 57457961 69455795 48073861 111249506
944808712 349843122 530632543 473639073 362281730 992871175
400000 1
204744459 26038438 380544525 262700263 313214984 447684075
204744459 26038438 380544525 262700263 313214984 447684075
182188 121527 63915 257411 52496 400000
117153 1
0 0 0 0 0 1000000000
999999999 999999999 0 0 999999999 1000000000
486188322 814408805 771163477 184248577 590022397 966556695
184174 1
0 0 0 0 0 1000000000
999999999 999999999 0 0 999999999 1000000000
3777117 398047 7518682 1402251 7111048 10074633
400000 1
0 0 0 0 0 1000000000
999999999 999999999 0 0 999999999 1000000000
12848905 6816864 13505576 9478689 2787378 14445304
400000 1
407659996 546432819 505440121 432841933 440663067 771398529
407659996 546432819 505440121 432841933 440663067 771398529
191685 142233 120398 396030 60797 400000
400000 1
452568469 312839050 88595613 444752613 286502972 489705406
452568469 312839050 88595613 444752613 286502972 489705406
241157 276158 396968 360858 132668 400000
73178 1
0 0 0 0 0 1000000000
564580942 853280017 277965995 851508985 819755971 884361347
40655408 41664033 10768433 15542176 48247717 56765984
