3
1 1 2
2 16 1
3 4 33

19
22 13940315863087 97272565697
26 3530268260387588 881033593253885
30 803570974657378568 43895153250064699
30 248554445865219454 514989007386393119
30 366985188881796964 203097960216841635
28 8354383898809766 40764248426522672
25 271129574526697 581358114112271
22 4895796510049 15688445202435
31 1059412319198009821 846291856621539630
25 364202269203150 407545336445675
23 59677238240927 7937832371610
28 9934882934419867 70011550126570845
31 1376468761852769985 2940072153962244610
27 5005043132450439 3439928339721322
31 668323986572591044 2977093652098264323
30 599528942071667048 376118787854170203
31 598714072877456517 4091539481989275610
26 2501426951349310 281112342506740
23 49425371269339 21610772210278
27 3143588293817876 1022114128992439
