100
5 1
3 1 4 1 5 9
2 7 1 8 2 9
4 8 15 16 23 42
400000 1
279982555 558843213 124770355 658018908 589281545 739931127
36417026 24151351 35379814 42773786 27564695 67848677
432210706 174137642 482763026 24873063 524886302 578953678
400000 1
0 0 0 0 0 1000000000
999999999 999999999 0 0 999999999 1000000000
287154924 454239063 312511168 187169542 499401019 776950898
14156 1
0 0 0 0 0 1000000000
53032345 90853611 79659156 99453251 229542815 248929845
24944528 86690790 547877373 535018914 540117382 676664147
45310 1
464921725 328295139 409405349 273349204 472139980 617817403
2162025 307744 8746348 920832 10325534 10693083
755297655 500026845 567361588 280734236 30005419 807061341
33236 1
0 0 0 0 0 1000000000
999999999 999999999 0 0 999999999 1000000000
5113530 6547961 91858851 169508928 71121809 203599691
366587 1
228710303 346868609 118383368 310108824 222694163 374788164
432265375 279517807 84676100 401223005 327315650 630933578
59802629 105475073 269116949 44031167 410070329 464001456
400000 1
46574422 144634091 103986821 199684894 144039682 215335165
46574422 144634091 103986821 199684894 144039682 215335165
24611 89549 317726 295699 371431 400000
14156 1
71915767 68242253 507628070 648733968 35948799 740136556
384240156 414445964 187851551 213578113 467335457 766193419
424912549 140886779 195607301 363988698 114046763 533181454
400000 1
800109 208881230 228098284 518084068 193701792 611725541
800109 208881230 228098284 518084068 193701792 611725541
0 0 0 0 0 1
360363 1
0 0 0 0 0 1000000000
999999999 999999999 0 0 999999999 1000000000
22717507 51897988 130711751 195317946 205313461 209781383
400000 1
568771948 497281996 10386979 49213519 129641534 928663596
999999999 999999999 0 0 999999999 1000000000
140771484 102086006 811274392 396959451 328224430 815204059
400000 1
795143308 648303458 779994690 767989838 219909501 842435193
795143308 648303458 779994690 767989838 219909501 842435193
22179 91477 374843 328967 180024 400000
400000 1
52861 25751753 4602329 62972930 12431201 138615978
52861 25751753 4602329 62972930 12431201 138615978
250732 57954 177390 199079 219118 400000
400000 1
6622006 60975349 12319701 67547332 70060858 266638227
6622006 60975349 12319701 67547332 70060858 266638227
369621 370040 200984 41402 193770 400000
400000 1
0 0 0 0 0 1000000000
120264934 333302650 65673487 77459715 196445282 425570171
322194432 3393980 190468121 284235614 135754692 571167471
400000 1
212684745 103338764 56631629 118497917 215400739 260026553
999999999 999999999 0 0 999999999 1000000000
88508587 341202986 265475437 492936246 116441273 829725264
400000 1
327338324 68938075 208216836 231995682 365503695 417890570
327338324 68938075 208216836 231995682 365503695 417890570
320555 329468 260089 40004 149038 400000
400000 1
0 0 0 0 0 1000000000
127450648 427216277 358035124 326899918 433771928 545558920
6847135 57471046 17899990 48726971 30359954 206893961
400000 1
0 0 0 0 0 1000000000
999999999 999999999 0 0 999999999 1000000000
37136121 9280477 63160103 98016273 13562172 118499334
242967 1
299832848 105128888 422551467 547208462 481335573 610394137
999999999 999999999 0 0 999999999 1000000000
17572341 52421765 35128425 52405770 57348757 66470718
50891 1
144737596 92987709 95278622 115213895 56324072 169982623
184323942 181449116 90875110 47065998 25063268 240636421
258602250 167939096 548888054 179692433 245359004 559611768
400000 1
370678331 83112871 251805075 348460659 420663426 446208834
577474058 21852614 326998892 476794825 77606279 659647541
178581109 338401173 483596821 543347982 846520094 923931973
400000 1
0 0 0 0 0 1000000000
999999999 999999999 0 0 999999999 1000000000
83997756 175299296 127547641 52839954 84480039 269775245
50891 1
0 0 0 0 0 1000000000
195935518 330544120 545755711 149486194 556885985 608798103
521029559 422922450 185620550 462619139 207141874 538149299
366587 1
0 0 0 0 0 1000000000
999999999 999999999 0 0 999999999 1000000000
46176141 26104108 22841145 41684691 55480981 71428362
400000 1
30413984 7522225 15807657 36191772 7923261 38577732
999999999 999999999 0 0 999999999 1000000000
214149809 76237668 666047311 705376588 316035757 714186327
400000 1
61840696 896609 40835422 81835021 23428333 86533159
61840696 896609 40835422 81835021 23428333 86533159
13083 102951 45197 33273 304979 400000
14156 1
51937306 69154214 68624626 79087196 86085102 91050807
999999999 999999999 0 0 999999999 1000000000
685282532 497909900 512182155 655864436 827570031 842680431
341717 1
191627534 105150734 41371880 17210928 125727595 245703528
302109247 312880237 732417270 655881720 46124287 784248623
91333590 105440119 158456846 58515558 27789772 197477479
247772 1
441563798 494760186 502959242 432584381 439978686 725710501
349357731 85768361 350732150 303717600 70329807 374803926
413330736 274850681 150074271 58718014 640344797 673881111
400000 1
20534714 18542080 185717771 60188955 128091154 231407828
313420168 336440717 66546843 87476939 453417484 523643006
513014156 160994890 401512963 707603788 113651785 768828123
400000 1
0 0 0 0 0 1000000000
6226178 887772403 819840488 146042734 787488705 968667033
514991724 352113574 565730272 49298866 583867208 801925466
400000 1
744908639 319885507 590789848 407535541 493386144 752590586
744908639 319885507 590789848 407535541 493386144 752590586
239661 201513 112411 227348 309431 400000
400000 1
0 0 0 0 0 1
999999999 999999999 0 0 999999999 1000000000
0 0 0 0 0 1
50891 1
68322157 186942571 132389078 83197489 107349795 209748787
68322157 186942571 132389078 83197489 107349795 209748787
16144 49311 6660 4496 1466 50891
400000 1
0 0 0 0 0 1000000000
999999999 999999999 0 0 999999999 1000000000
22246983 207787766 171372807 320625928 306184338 370368287
400000 1
103679576 101019926 55795541 112018077 18622133 139719831
103679576 101019926 55795541 112018077 18622133 139719831
248331 119168 81944 134384 194778 400000
14156 1
0 0 0 0 0 1000000000
999999999 999999999 0 0 999999999 1000000000
105394328 42451397 373528707 319834323 239380637 393570851
366587 1
187017942 135927402 120455758 195138871 227389350 485626690
999999999 999999999 0 0 999999999 1000000000
37212059 171643161 263953487 68551689 505420262 707913837
142720 1
116626533 562325337 434044667 549939730 105756788 747680174
156194869 314021636 527393313 311610420 257437176 555512874
708194338 86669210 707532386 206169969 457119340 737533681
400000 1
0 0 0 0 0 1000000000
33041398 146895076 230701381 125992338 222570637 328641101
24792505 242018616 363533679 146069760 181251917 404161695
400000 1
490876565 349856746 209112370 404703308 125362816 612837415
490876565 349856746 209112370 404703308 125362816 612837415
275813 91144 186800 250700 94008 400000
81483 1
421687356 166110812 165918137 288772629 303459395 435729576
296009365 256507887 171513842 248223581 44482626 364944989
218982469 267819065 339144216 320298600 180487638 432304719
400000 1
56343443 664253328 333655644 67022351 260244751 787274160
56343443 664253328 333655644 67022351 260244751 787274160
100725 81208 28393 184225 50732 400000
400000 1
0 0 0 0 0 1000000000
223999759 170730869 261849287 66859664 211894802 312920565
11510678 4223676 1936937 9551406 4104975 14839295
33236 1
91751177 154848069 422422341 460779739 466376744 514856197
91751177 154848069 422422341 460779739 466376744 514856197
18876 20546 21137 11680 29888 33236
400000 1
168598173 300451632 40904056 18144771 360726403 378043744
168598173 300451632 40904056 18144771 360726403 378043744
160595 285 196083 369712 152280 400000
360363 1
53677414 52294217 61458310 65879182 58917661 69902308
579411334 800198349 266232501 628666190 629269275 837197557
519917931 295330528 648416314 562746991 270136104 703810951
400000 1
117917017 421009753 198547774 374976973 340512713 433238488
334096022 622164718 658838875 414932070 340297973 665086689
85143065 351596182 334690438 641233280 162659244 746238434
400000 1
199160592 259691034 7286755 122541535 219038091 268522749
199160592 259691034 7286755 122541535 219038091 268522749
265600 331635 62114 377168 137202 400000
400000 1
256559642 172009345 186405657 70412021 387026995 406228295
999999999 999999999 0 0 999999999 1000000000
330731753 117447320 319080354 291088498 84233155 338352500
360363 1
242998969 155944430 169942013 280570165 320609009 488784406
242998969 155944430 169942013 280570165 320609009 488784406
269245 308282 129830 47393 261760 360363
275159 1
129762269 173119882 241305443 396604873 431877670 857256115
464258057 452519796 8729166 819780751 107558076 980126447
66105623 358667589 656350392 698741429 438265523 943566486
400000 1
254328791 326628990 41806708 278018357 338198562 391191111
254328791 326628990 41806708 278018357 338198562 391191111
246881 368688 272791 224482 60572 400000
50891 1
65081414 26646461 90699110 90038724 88184248 110973416
999999999 999999999 0 0 999999999 1000000000
640767630 6728853 640331853 599715163 760489130 942031901
400000 1
208225495 347168672 292652472 175883159 313405252 394158302
208225495 347168672 292652472 175883159 313405252 394158302
329526 353408 164255 76781 150721 400000
100827 1
711430018 166754018 621522266 380789455 34351908 758371994
108458433 108785390 30384403 110840233 69950088 116033100
445281041 263507230 228531486 621976806 287396614 630329285
400000 1
306347292 84772509 232962064 223292483 1068594 337824700
306347292 84772509 232962064 223292483 1068594 337824700
205065 8662 181712 357234 203024 400000
400000 1
6531639 46011435 4486113 78449106 42741939 79298064
6531639 46011435 4486113 78449106 42741939 79298064
391809 352489 11737 299410 361545 400000
400000 1
306927570 519748117 240892710 685872193 71576757 742662482
68394227 391997438 232441140 73417647 275496793 516230639
159419771 138127301 234276339 77714552 26742956 250181621
144882 1
618827141 716411020 355595849 541406386 721653108 784548711
6447812 73674748 71811854 40573960 78268326 78429935
202309342 54509567 228429503 198527092 56690795 281931370
360363 1
53231339 186035972 124417000 304429661 320598006 368551649
999999999 999999999 0 0 999999999 1000000000
54398668 112405439 57776885 653305 87416555 151916867
400000 1
113882851 142873897 42523698 53308298 100379363 189888028
113882851 142873897 42523698 53308298 100379363 189888028
188933 389770 128604 341054 233106 400000
242967 1
219951539 328850462 381707268 264590152 380106840 382270768
384307817 227850712 293705782 270019624 310568207 411515474
19402010 639700 22651759 18506479 14239542 52061472
400000 1
384442209 53676579 20555630 12966586 18937474 415477914
384442209 53676579 20555630 12966586 18937474 415477914
329493 351359 234239 200329 209983 400000
400000 1
44374397 49822307 19535617 67873766 47534140 74180486
44374397 49822307 19535617 67873766 47534140 74180486
319539 239187 61262 285436 311972 400000
400000 1
440742652 121664534 444895030 427689449 433634566 548325331
440742652 121664534 444895030 427689449 433634566 548325331
61574 245267 62357 308253 4139 400000
59395 1
196270400 223323696 67272500 5928280 88681995 224353476
231127230 13845414 23246611 73182317 252564565 431370506
383794835 620341444 170008611 638441804 224435777 834406799
391056 1
851634459 177865710 779343650 924368412 281828363 952742966
517644078 647305909 205417676 605730049 496988309 897446968
796537385 692842253 75275898 438299154 384815767 970204422
400000 1
598710207 349766486 737371102 441310200 680771588 776719769
999999999 999999999 0 0 999999999 1000000000
418665517 109524876 177721108 88072888 137881188 662863792
400000 1
0 0 0 0 0 1000000000
999999999 999999999 0 0 999999999 1000000000
410726928 6282609 342212294 439897360 395262017 491799354
1 1
0 0 0 0 0 1
0 0 0 0 0 1
0 0 0 0 0 1
400000 1
488647571 521746399 559790359 703071811 607425787 862456408
488647571 521746399 559790359 703071811 607425787 862456408
394536 65520 310793 348175 82323 400000
366587 1
458521762 123214742 482721576 195059872 409184943 655679648
458521762 123214742 482721576 195059872 409184943 655679648
188848 28840 11752 25526 61815 366587
400000 1
0 0 0 0 0 1000000000
999999999 999999999 0 0 999999999 1000000000
443996723 580017903 396114630 129330365 279924572 597802999
400000 1
223861000 294813294 58965761 248390685 230989038 375874820
999999999 999999999 0 0 999999999 1000000000
26743071 80323288 517132049 901558300 322650442 974789197
242967 1
0 0 0 0 0 1000000000
67931838 29385362 228771751 42375245 92077977 461061148
507816806 304410145 81898907 820444034 616098034 854014298
400000 1
213240823 318309866 116689012 109553240 897081357 899858002
213240823 318309866 116689012 109553240 897081357 899858002
66598 93304 316909 340489 221890 400000
366587 1
0 0 0 0 0 1000000000
85408546 109657948 73908059 36119286 47575069 115643677
58525231 106924770 254962592 10575883 66911069 428070275
1 1
0 0 0 0 0 1
0 0 0 0 0 1
999999999 999999999 0 0 999999999 1000000000
400000 1
214673616 99236686 85915370 174360432 84703127 311721892
214673616 99236686 85915370 174360432 84703127 311721892
61551 236493 364172 179668 13353 400000
400000 1
339506609 102991343 47625542 269202028 395997727 543564726
339506609 102991343 47625542 269202028 395997727 543564726
285741 279806 169643 340597 138805 400000
400000 1
174876188 200918062 133060607 129546296 98308616 266303710
174876188 200918062 133060607 129546296 98308616 266303710
336241 397522 356446 54660 107723 400000
33236 1
50364905 106664955 113313685 113098733 29998237 215951026
999999999 999999999 0 0 999999999 1000000000
241854904 54108185 23421328 165052729 164453934 302023173
360363 1
0 0 0 0 0 1000000000
114272339 176051014 187800757 133571093 86066000 270993811
494641579 226123554 452904890 177423498 451227804 549866510
33236 1
0 0 0 0 0 1000000000
249836423 304024085 458244715 92763945 262334665 500824838
5959294 6264051 2603613 6190101 3580154 6650966
242967 1
146856865 15846993 68849590 59813357 159304558 187905265
146856865 15846993 68849590 59813357 159304558 187905265
224928 86024 143018 214879 126492 242967
33236 1
251403379 695232247 776529955 802574590 363447366 819424004
705902952 724338038 897027807 24847720 882337857 952418056
104810295 351605145 534751914 200368999 617324950 672986307
400000 1
280739685 382756836 134978025 22861349 372511563 437329405
280739685 382756836 134978025 22861349 372511563 437329405
389133 339458 389121 124909 112601 400000
400000 1
171613427 388686799 146368070 109436106 101548032 393726273
171613427 388686799 146368070 109436106 101548032 393726273
133690 389001 147095 327023 152622 400000
400000 1
83945022 54742141 12689437 18028140 5491873 85920900
83945022 54742141 12689437 18028140 5491873 85920900
94975 285743 258557 138523 331132 400000
14156 1
151327265 775269654 161118492 484049534 396583131 820247342
151327265 775269654 161118492 484049534 396583131 820247342
2460 4885 1669 9697 930 14156
400000 1
98210998 115885566 29666216 44709934 96883590 175251896
98210998 115885566 29666216 44709934 96883590 175251896
309609 145825 179835 217890 234852 400000
242967 1
0 0 0 0 0 1000000000
999999999 999999999 0 0 999999999 1000000000
506540073 678659366 500397131 284743121 62923454 805217137
400000 1
392042216 492805183 291583872 327236650 176153817 828938939
136579940 290919522 656109609 213928935 443385165 773757928
353625087 80072949 63939983 231869658 504304619 504890965
400000 1
9298658 31605932 1175013 1025690 29652124 31966122
9298658 31605932 1175013 1025690 29652124 31966122
52730 257916 111334 113526 138338 400000
50891 1
0 0 0 0 0 1000000000
999999999 999999999 0 0 999999999 1000000000
127015604 91525524 187879285 160430143 223961458 247104853
400000 1
80853127 22206444 100226506 116846397 144737520 153823263
80853127 22206444 100226506 116846397 144737520 153823263
336031 53579 114582 320859 196409 400000
400000 1
0 0 0 0 0 1000000000
140989693 129042805 84223286 75371244 112554788 189021034
178126951 24137027 288851521 388334844 96720585 451921711
